'*',    73,     1,    31,    34,     6,     6,    -1,     0
'SPENVIS 4.6.11.3477          -  9-Aug-2023 18:49:35'
'PRJ_DEF', -1,'VANALLENBELTINVESTIGATION'
'PRJ_HDR', -1,'investigation of van Allen belt current'
'MOD_ABB', -1,'ORB'
'MIS_PLA',  1,    3,' '
'PLA_RAD', 1,   6371.20,'km'
'PLA_DIS', 1,     1.000,'AU'
'MIS_NTR',  1,    1,' '
'MIS_STA',  1,  18628.00000000,' '
'MIS_END',  1,  18635.00000000,' '
'MIS_DUR',  1, 7.000000E+00,'days'
'ORB_HDR', -1,' '
'ORB_TYP', -1,'GEN'
'ORB_MJD',  1,  18628.00000000,' '
'ORB_YEA',  1, 2001,' '
'ORB_MON',  1,  1,' '
'ORB_DAY',  1,  1,' '
'ORB_HOU',  1,  0,' '
'ORB_MIN',  1,  0,' '
'ORB_SEC',  1,  0.0,' '
'ORB_APO',  1, 1.200000E+03,'km'
'ORB_PER',  1, 1.200000E+03,'km'
'ORB_INC',  1,    90.00,'deg'
'ORB_RAA',  1,    95.00,'deg'
'ORB_ARG',  1,     0.00,'deg'
'ORB_TRA',  1,     0.00,'deg'
'ORB_PRD',  1, 1.821113E+00,'hrs'
'ORB_DUR',  1, 7.587970E-01,'days'
'ORB_TSE',  1,  18635.00000000,' '
'ORB_AXM',  1,  2,' '
'ORB_MJR', -1,'1 Jan 1950, 00:00 UT'
'ORB_GDR', -1,'Astron. J. 66, 15, 1961'
'PS Annotation',  8,  1
'Mission start: 01/01/2001 00:00:00'
 0.05, 0.00, 0.00
'Mission end: 08/01/2001 00:00:00'
 0.95, 0.00, 1.00
'Nr. of segments:   1'
 0.05, 1.50, 0.00
'Duration: 7.00 days'
 0.95, 0.00, 1.00
'PS Annotation', 24,  0
'Segment  1:'
 0.05, 2.00, 0.00
'Apogee: 1200.0 km'
 0.05, 1.50, 0.00
'Perigee: 1200.0 km'
 0.50, 0.00, 0.50
'Inclination: 90.0 deg'
 0.95, 0.00, 1.00
'R.A. Asc. Node: 95.0 deg'
 0.05, 1.50, 0.00
'Arg. Per.: 0.0 deg'
 0.50, 0.00, 0.50
'True Anomaly: 0.0 deg'
 0.95, 0.00, 1.00
'Period: 1.82 hrs'
 0.05, 1.50, 0.00
'Duration: 0.76 days'
 0.50, 0.00, 0.50
'10.00 Orbits'
 0.95, 0.00, 1.00
'Orbit start: 01/01/2001 00:00:00'
 0.05, 1.50, 0.00
'Orbit end: 01/01/2001 18:12:40'
 0.95, 0.00, 1.00
'MJD','days',  1,'Modified Julian Day'
'Altitude','km  ',  1,'Altitude'
'Latitude','deg ',  1,'Latitude'
'Longitude','deg ',  1,'Longitude'
'LocalTime','hrs ',  1,'Local Time'
'Alpha','deg ',  1,'Pitch Angle'
 18628.00000000,  1.192835E+03,  0.000000E+00, 354.938757,  23.662584,  90.000000
 18628.00069444,  1.192891E+03,  3.313331E+00, 354.688073,  23.662538,  90.000000
 18628.00138889,  1.193060E+03,  6.626412E+00, 354.437390,  23.662493,  90.000000
 18628.00208333,  1.193338E+03,  9.939000E+00, 354.186707,  23.662447,  90.000000
 18628.00277778,  1.193722E+03,  1.325086E+01, 353.936025,  23.662402,  90.000000
 18628.00347222,  1.194206E+03,  1.656175E+01, 353.685344,  23.662356,  90.000000
 18628.00416667,  1.194783E+03,  1.987147E+01, 353.434663,  23.662311,  90.000000
 18628.00486111,  1.195445E+03,  2.317982E+01, 353.183983,  23.662266,  90.000000
 18628.00555556,  1.196183E+03,  2.648662E+01, 352.933304,  23.662220,  90.000000
 18628.00625000,  1.196986E+03,  2.979171E+01, 352.682626,  23.662175,  90.000000
 18628.00694444,  1.197842E+03,  3.309495E+01, 352.431950,  23.662130,  90.000000
 18628.00763889,  1.198739E+03,  3.639625E+01, 352.181274,  23.662085,  90.000000
 18628.00833333,  1.199665E+03,  3.969552E+01, 351.930600,  23.662040,  90.000000
 18628.00902778,  1.200606E+03,  4.299271E+01, 351.679927,  23.661995,  90.000000
 18628.00972222,  1.201549E+03,  4.628779E+01, 351.429256,  23.661950,  90.000000
 18628.01041667,  1.202479E+03,  4.958077E+01, 351.178588,  23.661906,  90.000000
 18628.01111111,  1.203383E+03,  5.287168E+01, 350.927922,  23.661861,  90.000000
 18628.01180556,  1.204248E+03,  5.616059E+01, 350.677260,  23.661817,  90.000000
 18628.01250000,  1.205062E+03,  5.944758E+01, 350.426604,  23.661774,  90.000000
 18628.01319444,  1.205811E+03,  6.273277E+01, 350.175954,  23.661730,  90.000000
 18628.01388889,  1.206486E+03,  6.601630E+01, 349.925314,  23.661688,  90.000000
 18628.01458333,  1.207075E+03,  6.929833E+01, 349.674688,  23.661646,  90.000000
 18628.01527778,  1.207569E+03,  7.257904E+01, 349.424084,  23.661606,  90.000000
 18628.01597222,  1.207961E+03,  7.585864E+01, 349.173518,  23.661568,  90.000000
 18628.01666667,  1.208243E+03,  7.913734E+01, 348.923024,  23.661535,  90.000000
 18628.01736111,  1.208410E+03,  8.241538E+01, 348.672694,  23.661513,  90.000000
 18628.01805556,  1.208458E+03,  8.569298E+01, 348.422908,  23.661527,  90.000000
 18628.01875000,  1.208386E+03,  8.897040E+01, 348.178842,  23.661923,  90.000000
 18628.01944444,  1.208192E+03,  8.775211E+01, 167.915471,  11.661031,  90.000000
 18628.02013889,  1.207877E+03,  8.447430E+01, 167.667149,  11.661143,  90.000000
 18628.02083333,  1.207444E+03,  8.119593E+01, 167.417066,  11.661138,  90.000000
 18628.02152778,  1.206897E+03,  7.791675E+01, 167.166656,  11.661110,  90.000000
 18628.02222222,  1.206241E+03,  7.463652E+01, 166.916128,  11.661075,  90.000000
 18628.02291667,  1.205483E+03,  7.135503E+01, 166.665543,  11.661036,  90.000000
 18628.02361111,  1.204632E+03,  6.807207E+01, 166.414928,  11.660995,  90.000000
 18628.02430556,  1.203696E+03,  6.478745E+01, 166.164295,  11.660953,  90.000000
 18628.02500000,  1.202687E+03,  6.150100E+01, 165.913648,  11.660910,  90.000000
 18628.02569444,  1.201617E+03,  5.821257E+01, 165.662994,  11.660866,  90.000000
 18628.02638889,  1.200498E+03,  5.492203E+01, 165.412332,  11.660822,  90.000000
 18628.02708333,  1.199343E+03,  5.162930E+01, 165.161667,  11.660778,  90.000000
 18628.02777778,  1.198167E+03,  4.833429E+01, 164.910997,  11.660733,  90.000000
 18628.02847222,  1.196983E+03,  4.503697E+01, 164.660325,  11.660688,  90.000000
 18628.02916667,  1.195806E+03,  4.173733E+01, 164.409650,  11.660643,  90.000000
 18628.02986111,  1.194650E+03,  3.843539E+01, 164.158974,  11.660598,  90.000000
 18628.03055556,  1.193530E+03,  3.513118E+01, 163.908296,  11.660553,  90.000000
 18628.03125000,  1.192460E+03,  3.182480E+01, 163.657616,  11.660508,  90.000000
 18628.03194444,  1.191452E+03,  2.851634E+01, 163.406935,  11.660462,  90.000000
 18628.03263889,  1.190520E+03,  2.520593E+01, 163.156254,  11.660417,  90.000000
 18628.03333333,  1.189675E+03,  2.189374E+01, 162.905571,  11.660371,  90.000000
 18628.03402778,  1.188928E+03,  1.857995E+01, 162.654888,  11.660326,  90.000000
 18628.03472222,  1.188288E+03,  1.526476E+01, 162.404204,  11.660280,  90.000000
 18628.03541667,  1.187763E+03,  1.194839E+01, 162.153519,  11.660235,  90.000000
 18628.03611111,  1.187360E+03,  8.631088E+00, 161.902833,  11.660189,  90.000000
 18628.03680556,  1.187084E+03,  5.313095E+00, 161.652147,  11.660143,  90.000000
 18628.03750000,  1.186939E+03,  1.994676E+00, 161.401461,  11.660097,  90.000000
 18628.03819444,  1.186925E+03, -1.323905E+00, 161.150774,  11.660052,  90.000000
 18628.03888889,  1.187044E+03, -4.642378E+00, 160.900086,  11.660006,  90.000000
 18628.03958333,  1.187295E+03, -7.960477E+00, 160.649398,  11.659960,  90.000000
 18628.04027778,  1.187672E+03, -1.127794E+01, 160.398709,  11.659914,  90.000000
 18628.04097222,  1.188173E+03, -1.459452E+01, 160.148020,  11.659868,  90.000000
 18628.04166667,  1.188791E+03, -1.790996E+01, 159.897330,  11.659822,  90.000000
 18628.04236111,  1.189517E+03, -2.122405E+01, 159.646639,  11.659776,  90.000000
 18628.04305556,  1.190343E+03, -2.453658E+01, 159.395948,  11.659730,  90.000000
 18628.04375000,  1.191259E+03, -2.784735E+01, 159.145255,  11.659684,  90.000000
 18628.04444444,  1.192252E+03, -3.115621E+01, 158.894562,  11.659637,  90.000000
 18628.04513889,  1.193311E+03, -3.446302E+01, 158.643868,  11.659591,  90.000000
 18628.04583333,  1.194422E+03, -3.776767E+01, 158.393172,  11.659545,  90.000000
 18628.04652778,  1.195572E+03, -4.107007E+01, 158.142474,  11.659498,  90.000000
 18628.04722222,  1.196746E+03, -4.437018E+01, 157.891775,  11.659452,  90.000000
 18628.04791667,  1.197930E+03, -4.766796E+01, 157.641073,  11.659405,  90.000000
 18628.04861111,  1.199110E+03, -5.096342E+01, 157.390368,  11.659358,  90.000000
 18628.04930556,  1.200270E+03, -5.425660E+01, 157.139659,  11.659311,  90.000000
 18628.05000000,  1.201398E+03, -5.754756E+01, 156.888945,  11.659263,  90.000000
 18628.05069444,  1.202480E+03, -6.083640E+01, 156.638224,  11.659215,  90.000000
 18628.05138889,  1.203503E+03, -6.412323E+01, 156.387493,  11.659166,  90.000000
 18628.05208333,  1.204455E+03, -6.740820E+01, 156.136748,  11.659117,  90.000000
 18628.05277778,  1.205325E+03, -7.069146E+01, 155.885982,  11.659065,  90.000000
 18628.05347222,  1.206103E+03, -7.397322E+01, 155.635181,  11.659012,  90.000000
 18628.05416667,  1.206781E+03, -7.725366E+01, 155.384320,  11.658955,  90.000000
 18628.05486111,  1.207352E+03, -8.053302E+01, 155.133335,  11.658889,  90.000000
 18628.05555556,  1.207809E+03, -8.381152E+01, 154.882029,  11.658802,  90.000000
 18628.05625000,  1.208149E+03, -8.708940E+01, 154.629315,  11.658621,  90.000000
 18628.05694444,  1.208369E+03, -8.963309E+01, 334.412906,  23.660860,  90.000000
 18628.05763889,  1.208467E+03, -8.635570E+01, 334.134854,  23.658990,  90.000000
 18628.05833333,  1.208445E+03, -8.307818E+01, 333.882722,  23.658848,  90.000000
 18628.05902778,  1.208303E+03, -7.980028E+01, 333.631523,  23.658768,  90.000000
 18628.05972222,  1.208046E+03, -7.652176E+01, 333.380575,  23.658705,  90.000000
 18628.06041667,  1.207678E+03, -7.324239E+01, 333.129733,  23.658649,  90.000000
 18628.06111111,  1.207205E+03, -6.996195E+01, 332.878943,  23.658596,  90.000000
 18628.06180556,  1.206637E+03, -6.668023E+01, 332.628184,  23.658546,  90.000000
 18628.06250000,  1.205981E+03, -6.339705E+01, 332.377445,  23.658496,  90.000000
 18628.06319444,  1.205247E+03, -6.011225E+01, 332.126718,  23.658448,  90.000000
 18628.06388889,  1.204448E+03, -5.682567E+01, 331.876001,  23.658400,  90.000000
 18628.06458333,  1.203594E+03, -5.353719E+01, 331.625290,  23.658353,  90.000000
 18628.06527778,  1.202698E+03, -5.024673E+01, 331.374585,  23.658306,  90.000000
 18628.06597222,  1.201774E+03, -4.695421E+01, 331.123884,  23.658259,  90.000000
 18628.06666667,  1.200835E+03, -4.365960E+01, 330.873185,  23.658212,  90.000000
 18628.06736111,  1.199895E+03, -4.036288E+01, 330.622489,  23.658166,  90.000000
 18628.06805556,  1.198967E+03, -3.706407E+01, 330.371796,  23.658120,  90.000000
 18628.06875000,  1.198064E+03, -3.376323E+01, 330.121104,  23.658074,  90.000000
 18628.06944444,  1.197200E+03, -3.046041E+01, 329.870413,  23.658028,  90.000000
 18628.07013889,  1.196388E+03, -2.715573E+01, 329.619724,  23.657982,  90.000000
 18628.07083333,  1.195637E+03, -2.384932E+01, 329.369036,  23.657936,  90.000000
 18628.07152778,  1.194961E+03, -2.054132E+01, 329.118349,  23.657890,  90.000000
 18628.07222222,  1.194367E+03, -1.723192E+01, 328.867662,  23.657844,  90.000000
 18628.07291667,  1.193865E+03, -1.392130E+01, 328.616977,  23.657798,  90.000000
 18628.07361111,  1.193462E+03, -1.060967E+01, 328.366293,  23.657753,  90.000000
 18628.07430556,  1.193163E+03, -7.297271E+00, 328.115609,  23.657707,  90.000000
 18628.07500000,  1.192973E+03, -3.984327E+00, 327.864926,  23.657662,  90.000000
 18628.07569444,  1.192895E+03, -6.710847E-01, 327.614244,  23.657616,  90.000000
 18628.07638889,  1.192930E+03,  2.642207E+00, 327.363562,  23.657571,  90.000000
 18628.07708333,  1.193076E+03,  5.955300E+00, 327.112882,  23.657525,  90.000000
 18628.07777778,  1.193333E+03,  9.267947E+00, 326.862203,  23.657480,  90.000000
 18628.07847222,  1.193697E+03,  1.257991E+01, 326.611524,  23.657435,  90.000000
 18628.07916667,  1.194161E+03,  1.589096E+01, 326.360847,  23.657390,  90.000000
 18628.07986111,  1.194721E+03,  1.920087E+01, 326.110171,  23.657345,  90.000000
 18628.08055556,  1.195367E+03,  2.250945E+01, 325.859496,  23.657300,  90.000000
 18628.08125000,  1.196090E+03,  2.581651E+01, 325.608823,  23.657255,  90.000000
 18628.08194444,  1.196881E+03,  2.912190E+01, 325.358152,  23.657210,  90.000000
 18628.08263889,  1.197728E+03,  3.242547E+01, 325.107484,  23.657166,  90.000000
 18628.08333333,  1.198618E+03,  3.572711E+01, 324.856818,  23.657121,  90.000000
 18628.08402778,  1.199539E+03,  3.902673E+01, 324.606155,  23.657077,  90.000000
 18628.08472222,  1.200477E+03,  4.232428E+01, 324.355496,  23.657033,  90.000000
 18628.08541667,  1.201420E+03,  4.561973E+01, 324.104842,  23.656989,  90.000000
 18628.08611111,  1.202353E+03,  4.891308E+01, 323.854194,  23.656946,  90.000000
 18628.08680556,  1.203263E+03,  5.220435E+01, 323.603554,  23.656904,  90.000000
 18628.08750000,  1.204137E+03,  5.549360E+01, 323.352923,  23.656862,  90.000000
 18628.08819444,  1.204961E+03,  5.878091E+01, 323.102304,  23.656820,  90.000000
 18628.08888889,  1.205723E+03,  6.206640E+01, 322.851703,  23.656780,  90.000000
 18628.08958333,  1.206413E+03,  6.535020E+01, 322.601125,  23.656742,  90.000000
 18628.09027778,  1.207019E+03,  6.863247E+01, 322.350581,  23.656705,  90.000000
 18628.09097222,  1.207531E+03,  7.191339E+01, 322.100091,  23.656673,  90.000000
 18628.09166667,  1.207943E+03,  7.519315E+01, 321.849689,  23.656646,  90.000000
 18628.09236111,  1.208246E+03,  7.847197E+01, 321.599450,  23.656630,  90.000000
 18628.09305556,  1.208435E+03,  8.175008E+01, 321.349568,  23.656638,  90.000000
 18628.09375000,  1.208505E+03,  8.502771E+01, 321.100748,  23.656717,  90.000000
 18628.09444444,  1.208456E+03,  8.830510E+01, 320.859151,  23.657277,  90.000000
 18628.09513889,  1.208284E+03,  8.841748E+01, 140.579904,  11.655327,  90.000000
 18628.09583333,  1.207992E+03,  8.513979E+01, 140.339180,  11.655945,  90.000000
 18628.09652778,  1.207580E+03,  8.186158E+01, 140.090432,  11.656029,  90.000000
 18628.09722222,  1.207053E+03,  7.858262E+01, 139.840573,  11.656038,  90.000000
 18628.09791667,  1.206416E+03,  7.530265E+01, 139.590346,  11.656023,  90.000000
 18628.09861111,  1.205675E+03,  7.202146E+01, 139.339954,  11.655997,  90.000000
 18628.09930556,  1.204839E+03,  6.873884E+01, 139.089473,  11.655965,  90.000000
 18628.10000000,  1.203917E+03,  6.545459E+01, 138.838940,  11.655929,  90.000000
 18628.10069444,  1.202919E+03,  6.216854E+01, 138.588372,  11.655891,  90.000000
 18628.10138889,  1.201857E+03,  5.888053E+01, 138.337783,  11.655852,  90.000000
 18628.10208333,  1.200743E+03,  5.559044E+01, 138.087177,  11.655812,  90.000000
 18628.10277778,  1.199591E+03,  5.229817E+01, 137.836560,  11.655771,  90.000000
 18628.10347222,  1.198415E+03,  4.900364E+01, 137.585934,  11.655729,  90.000000
 18628.10416667,  1.197228E+03,  4.570680E+01, 137.335303,  11.655687,  90.000000
 18628.10486111,  1.196045E+03,  4.240763E+01, 137.084667,  11.655644,  90.000000
 18628.10555556,  1.194880E+03,  3.910615E+01, 136.834028,  11.655602,  90.000000
 18628.10625000,  1.193749E+03,  3.580240E+01, 136.583386,  11.655559,  90.000000
 18628.10694444,  1.192664E+03,  3.249644E+01, 136.332743,  11.655516,  90.000000
 18628.10763889,  1.191639E+03,  2.918838E+01, 136.082099,  11.655473,  90.000000
 18628.10833333,  1.190688E+03,  2.587835E+01, 135.831454,  11.655430,  90.000000
 18628.10902778,  1.189822E+03,  2.256650E+01, 135.580809,  11.655387,  90.000000
 18628.10972222,  1.189051E+03,  1.925300E+01, 135.330165,  11.655344,  90.000000
 18628.11041667,  1.188386E+03,  1.593806E+01, 135.079521,  11.655301,  90.000000
 18628.11111111,  1.187834E+03,  1.262190E+01, 134.828878,  11.655259,  90.000000
 18628.11180556,  1.187404E+03,  9.304745E+00, 134.578236,  11.655216,  90.000000
 18628.11250000,  1.187100E+03,  5.986849E+00, 134.327596,  11.655173,  90.000000
 18628.11319444,  1.186925E+03,  2.668471E+00, 134.076957,  11.655130,  90.000000
 18628.11388889,  1.186883E+03, -6.501240E-01, 133.826320,  11.655088,  90.000000
 18628.11458333,  1.186974E+03, -3.968668E+00, 133.575686,  11.655046,  90.000000
 18628.11527778,  1.187197E+03, -7.286894E+00, 133.325054,  11.655004,  90.000000
 18628.11597222,  1.187548E+03, -1.060454E+01, 133.074425,  11.654962,  90.000000
 18628.11666667,  1.188023E+03, -1.392134E+01, 132.823799,  11.654920,  90.000000
 18628.11736111,  1.188617E+03, -1.723707E+01, 132.573178,  11.654879,  90.000000
 18628.11805556,  1.189322E+03, -2.055149E+01, 132.322560,  11.654837,  90.000000
 18628.11875000,  1.190129E+03, -2.386438E+01, 132.071947,  11.654796,  90.000000
 18628.11944444,  1.191027E+03, -2.717556E+01, 131.821340,  11.654756,  90.000000
 18628.12013889,  1.192006E+03, -3.048486E+01, 131.570739,  11.654716,  90.000000
 18628.12083333,  1.193053E+03, -3.379213E+01, 131.320145,  11.654676,  90.000000
 18628.12152778,  1.194156E+03, -3.709726E+01, 131.069560,  11.654637,  90.000000
 18628.12222222,  1.195300E+03, -4.040016E+01, 130.818985,  11.654599,  90.000000
 18628.12291667,  1.196472E+03, -4.370077E+01, 130.568422,  11.654561,  90.000000
 18628.12361111,  1.197656E+03, -4.699906E+01, 130.317874,  11.654525,  90.000000
 18628.12430556,  1.198839E+03, -5.029502E+01, 130.067344,  11.654490,  90.000000
 18628.12500000,  1.200007E+03, -5.358870E+01, 129.816838,  11.654456,  90.000000
 18628.12569444,  1.201144E+03, -5.688014E+01, 129.566361,  11.654424,  90.000000
 18628.12638889,  1.202238E+03, -6.016943E+01, 129.315924,  11.654395,  90.000000
 18628.12708333,  1.203276E+03, -6.345669E+01, 129.065541,  11.654369,  90.000000
 18628.12777778,  1.204245E+03, -6.674205E+01, 128.815236,  11.654349,  90.000000
 18628.12847222,  1.205135E+03, -7.002567E+01, 128.565044,  11.654336,  90.000000
 18628.12916667,  1.205935E+03, -7.330774E+01, 128.315035,  11.654336,  90.000000
 18628.12986111,  1.206637E+03, -7.658845E+01, 128.065340,  11.654356,  90.000000
 18628.13055556,  1.207233E+03, -7.986803E+01, 127.816266,  11.654418,  90.000000
 18628.13125000,  1.207716E+03, -8.314670E+01, 127.568701,  11.654580,  90.000000
 18628.13194444,  1.208084E+03, -8.642470E+01, 127.326796,  11.655120,  90.000000
 18628.13263889,  1.208331E+03, -8.970227E+01, 127.277470,  11.668498,  90.000000
 18628.13333333,  1.208457E+03, -8.702032E+01, 306.785261,  23.652351,  90.000000
 18628.13402778,  1.208462E+03, -8.374284E+01, 306.546103,  23.653074,  90.000000
 18628.13472222,  1.208347E+03, -8.046504E+01, 306.299044,  23.653270,  90.000000
 18628.13541667,  1.208116E+03, -7.718667E+01, 306.050147,  23.653343,  90.000000
 18628.13611111,  1.207774E+03, -7.390749E+01, 305.800536,  23.653369,  90.000000
 18628.13680556,  1.207326E+03, -7.062730E+01, 305.550572,  23.653371,  90.000000
 18628.13750000,  1.206779E+03, -6.734587E+01, 305.300410,  23.653361,  90.000000
 18628.13819444,  1.206144E+03, -6.406302E+01, 305.050124,  23.653342,  90.000000
 18628.13888889,  1.205429E+03, -6.077857E+01, 304.799756,  23.653317,  90.000000
 18628.13958333,  1.204646E+03, -5.749238E+01, 304.549331,  23.653289,  90.000000
 18628.14027778,  1.203806E+03, -5.420433E+01, 304.298865,  23.653258,  90.000000
 18628.14097222,  1.202922E+03, -5.091431E+01, 304.048367,  23.653224,  90.000000
 18628.14166667,  1.202006E+03, -4.762224E+01, 303.797846,  23.653190,  90.000000
 18628.14236111,  1.201073E+03, -4.432809E+01, 303.547307,  23.653154,  90.000000
 18628.14305556,  1.200135E+03, -4.103184E+01, 303.296752,  23.653117,  90.000000
 18628.14375000,  1.199207E+03, -3.773350E+01, 303.046186,  23.653079,  90.000000
 18628.14444444,  1.198302E+03, -3.443310E+01, 302.795610,  23.653041,  90.000000
 18628.14513889,  1.197433E+03, -3.113073E+01, 302.545025,  23.653002,  90.000000
 18628.14583333,  1.196612E+03, -2.782647E+01, 302.294435,  23.652962,  90.000000
 18628.14652778,  1.195851E+03, -2.452046E+01, 302.043838,  23.652923,  90.000000
 18628.14722222,  1.195162E+03, -2.121282E+01, 301.793237,  23.652882,  90.000000
 18628.14791667,  1.194553E+03, -1.790375E+01, 301.542633,  23.652842,  90.000000
 18628.14861111,  1.194035E+03, -1.459342E+01, 301.292025,  23.652802,  90.000000
 18628.14930556,  1.193613E+03, -1.128205E+01, 301.041415,  23.652761,  90.000000
 18628.15000000,  1.193295E+03, -7.969851E+00, 300.790803,  23.652720,  90.000000
 18628.15069444,  1.193085E+03, -4.657066E+00, 300.540190,  23.652679,  90.000000
 18628.15138889,  1.192986E+03, -1.343935E+00, 300.289576,  23.652638,  90.000000
 18628.15208333,  1.192999E+03,  1.969295E+00, 300.038961,  23.652597,  90.000000
 18628.15277778,  1.193125E+03,  5.282373E+00, 299.788347,  23.652556,  90.000000
 18628.15347222,  1.193361E+03,  8.595055E+00, 299.537734,  23.652516,  90.000000
 18628.15416667,  1.193704E+03,  1.190710E+01, 299.287122,  23.652475,  90.000000
 18628.15486111,  1.194149E+03,  1.521827E+01, 299.036513,  23.652434,  90.000000
 18628.15555556,  1.194690E+03,  1.852835E+01, 298.785905,  23.652394,  90.000000
 18628.15625000,  1.195319E+03,  2.183714E+01, 298.535302,  23.652353,  90.000000
 18628.15694444,  1.196028E+03,  2.514444E+01, 298.284703,  23.652314,  90.000000
 18628.15763889,  1.196805E+03,  2.845010E+01, 298.034109,  23.652274,  90.000000
 18628.15833333,  1.197641E+03,  3.175396E+01, 297.783522,  23.652235,  90.000000
 18628.15902778,  1.198523E+03,  3.505592E+01, 297.532943,  23.652196,  90.000000
 18628.15972222,  1.199438E+03,  3.835588E+01, 297.282375,  23.652158,  90.000000
 18628.16041667,  1.200373E+03,  4.165378E+01, 297.031819,  23.652121,  90.000000
 18628.16111111,  1.201315E+03,  4.494958E+01, 296.781279,  23.652085,  90.000000
 18628.16180556,  1.202250E+03,  4.824327E+01, 296.530759,  23.652051,  90.000000
 18628.16250000,  1.203165E+03,  5.153488E+01, 296.280264,  23.652018,  90.000000
 18628.16319444,  1.204045E+03,  5.482446E+01, 296.029801,  23.651987,  90.000000
 18628.16388889,  1.204879E+03,  5.811209E+01, 295.779380,  23.651959,  90.000000
 18628.16458333,  1.205653E+03,  6.139787E+01, 295.529016,  23.651934,  90.000000
 18628.16527778,  1.206357E+03,  6.468193E+01, 295.278732,  23.651915,  90.000000
 18628.16597222,  1.206979E+03,  6.796443E+01, 295.028563,  23.651904,  90.000000
 18628.16666667,  1.207509E+03,  7.124554E+01, 294.778570,  23.651905,  90.000000
 18628.16736111,  1.207940E+03,  7.452546E+01, 294.528865,  23.651924,  90.000000
 18628.16805556,  1.208263E+03,  7.780439E+01, 294.279678,  23.651979,  90.000000
 18628.16875000,  1.208473E+03,  8.108257E+01, 294.031583,  23.652106,  90.000000
 18628.16944444,  1.208566E+03,  8.436022E+01, 293.786482,  23.652432,  90.000000
 18628.17013889,  1.208539E+03,  8.763759E+01, 293.556828,  23.653789,  90.000000
 18628.17083333,  1.208389E+03,  8.908506E+01, 113.176616,  11.645108,  90.000000
 18628.17152778,  1.208118E+03,  8.580750E+01, 112.998949,  11.649930,  90.000000
 18628.17222222,  1.207728E+03,  8.252946E+01, 112.757224,  11.650482,  90.000000
 18628.17291667,  1.207221E+03,  7.925071E+01, 112.510047,  11.650670,  90.000000
 18628.17361111,  1.206603E+03,  7.597100E+01, 112.261240,  11.650749,  90.000000
 18628.17430556,  1.205879E+03,  7.269011E+01, 112.011731,  11.650782,  90.000000
 18628.17500000,  1.205058E+03,  6.940783E+01, 111.761856,  11.650790,  90.000000
 18628.17569444,  1.204149E+03,  6.612395E+01, 111.511766,  11.650784,  90.000000
 18628.17638889,  1.203163E+03,  6.283831E+01, 111.261540,  11.650769,  90.000000
 18628.17708333,  1.202109E+03,  5.955074E+01, 111.011223,  11.650748,  90.000000
 18628.17777778,  1.201001E+03,  5.626111E+01, 110.760841,  11.650723,  90.000000
 18628.17847222,  1.199853E+03,  5.296931E+01, 110.510412,  11.650694,  90.000000
 18628.17916667,  1.198676E+03,  4.967527E+01, 110.259949,  11.650663,  90.000000
 18628.17986111,  1.197487E+03,  4.637892E+01, 110.009460,  11.650631,  90.000000
 18628.18055556,  1.196299E+03,  4.308024E+01, 109.758950,  11.650597,  90.000000
 18628.18125000,  1.195126E+03,  3.977925E+01, 109.508425,  11.650562,  90.000000
 18628.18194444,  1.193983E+03,  3.647597E+01, 109.257888,  11.650526,  90.000000
 18628.18263889,  1.192885E+03,  3.317047E+01, 109.007341,  11.650489,  90.000000
 18628.18333333,  1.191845E+03,  2.986284E+01, 108.756786,  11.650452,  90.000000
 18628.18402778,  1.190875E+03,  2.655322E+01, 108.506226,  11.650415,  90.000000
 18628.18472222,  1.189988E+03,  2.324173E+01, 108.255662,  11.650377,  90.000000
 18628.18541667,  1.189195E+03,  1.992857E+01, 108.005095,  11.650340,  90.000000
 18628.18611111,  1.188506E+03,  1.661392E+01, 107.754526,  11.650302,  90.000000
 18628.18680556,  1.187930E+03,  1.329800E+01, 107.503956,  11.650264,  90.000000
 18628.18750000,  1.187474E+03,  9.981036E+00, 107.253386,  11.650226,  90.000000
 18628.18819444,  1.187143E+03,  6.663281E+00, 107.002816,  11.650188,  90.000000
 18628.18888889,  1.186942E+03,  3.344991E+00, 106.752248,  11.650150,  90.000000
 18628.18958333,  1.186873E+03,  2.642945E-02, 106.501681,  11.650112,  90.000000
 18628.19027778,  1.186938E+03, -3.292136E+00, 106.251118,  11.650074,  90.000000
 18628.19097222,  1.187135E+03, -6.610437E+00, 106.000557,  11.650037,  90.000000
 18628.19166667,  1.187461E+03, -9.928209E+00, 105.750002,  11.650000,  90.000000
 18628.19236111,  1.187914E+03, -1.324520E+01, 105.499451,  11.649963,  90.000000
 18628.19305556,  1.188486E+03, -1.656115E+01, 105.248906,  11.649927,  90.000000
 18628.19375000,  1.189171E+03, -1.987584E+01, 104.998368,  11.649891,  90.000000
 18628.19444444,  1.189961E+03, -2.318905E+01, 104.747839,  11.649856,  90.000000
 18628.19513889,  1.190844E+03, -2.650058E+01, 104.497320,  11.649821,  90.000000
 18628.19583333,  1.191811E+03, -2.981026E+01, 104.246812,  11.649787,  90.000000
 18628.19652778,  1.192848E+03, -3.311794E+01, 103.996317,  11.649754,  90.000000
 18628.19722222,  1.193944E+03, -3.642350E+01, 103.745839,  11.649723,  90.000000
 18628.19791667,  1.195084E+03, -3.972684E+01, 103.495381,  11.649692,  90.000000
 18628.19861111,  1.196254E+03, -4.302791E+01, 103.244945,  11.649663,  90.000000
 18628.19930556,  1.197441E+03, -4.632665E+01, 102.994539,  11.649636,  90.000000
 18628.20000000,  1.198629E+03, -4.962306E+01, 102.744169,  11.649611,  90.000000
 18628.20069444,  1.199804E+03, -5.291718E+01, 102.493844,  11.649590,  90.000000
 18628.20138889,  1.200952E+03, -5.620904E+01, 102.243578,  11.649572,  90.000000
 18628.20208333,  1.202059E+03, -5.949874E+01, 101.993390,  11.649559,  90.000000
 18628.20277778,  1.203113E+03, -6.278637E+01, 101.743307,  11.649554,  90.000000
 18628.20347222,  1.204100E+03, -6.607207E+01, 101.493373,  11.649558,  90.000000
 18628.20416667,  1.205010E+03, -6.935600E+01, 101.243660,  11.649577,  90.000000
 18628.20486111,  1.205832E+03, -7.263834E+01, 100.994292,  11.649619,  90.000000
 18628.20555556,  1.206557E+03, -7.591928E+01, 100.745509,  11.649701,  90.000000
 18628.20625000,  1.207177E+03, -7.919903E+01, 100.497846,  11.649856,  90.000000
 18628.20694444,  1.207687E+03, -8.247782E+01, 100.252765,  11.650184,  90.000000
 18628.20763889,  1.208080E+03, -8.575589E+01, 100.016247,  11.651083,  90.000000
 18628.20833333,  1.208354E+03, -8.903348E+01,  99.875415,  11.658361,  90.000000
 18628.20902778,  1.208507E+03, -8.768915E+01, 279.423154,  23.644877,  90.000000
 18628.20972222,  1.208538E+03, -8.441176E+01, 279.207402,  23.647160,  90.000000
 18628.21041667,  1.208450E+03, -8.113410E+01, 278.965866,  23.647724,  90.000000
 18628.21111111,  1.208244E+03, -7.785592E+01, 278.719424,  23.647962,  90.000000
 18628.21180556,  1.207925E+03, -7.457699E+01, 278.471203,  23.648080,  90.000000
 18628.21250000,  1.207499E+03, -7.129708E+01, 278.222140,  23.648143,  90.000000
 18628.21319444,  1.206974E+03, -6.801598E+01, 277.972611,  23.648174,  90.000000
 18628.21388889,  1.206357E+03, -6.473349E+01, 277.722797,  23.648186,  90.000000
 18628.21458333,  1.205658E+03, -6.144945E+01, 277.472798,  23.648186,  90.000000
 18628.21527778,  1.204889E+03, -5.816370E+01, 277.222669,  23.648178,  90.000000
 18628.21597222,  1.204060E+03, -5.487610E+01, 276.972448,  23.648163,  90.000000
 18628.21666667,  1.203184E+03, -5.158655E+01, 276.722159,  23.648144,  90.000000
 18628.21736111,  1.202275E+03, -4.829498E+01, 276.471817,  23.648121,  90.000000
 18628.21805556,  1.201344E+03, -4.500132E+01, 276.221435,  23.648096,  90.000000
 18628.21875000,  1.200407E+03, -4.170557E+01, 275.971021,  23.648068,  90.000000
 18628.21944444,  1.199475E+03, -3.840771E+01, 275.720581,  23.648039,  90.000000
 18628.22013889,  1.198564E+03, -3.510780E+01, 275.470120,  23.648008,  90.000000
 18628.22083333,  1.197686E+03, -3.180589E+01, 275.219641,  23.647976,  90.000000
 18628.22152778,  1.196853E+03, -2.850207E+01, 274.969149,  23.647943,  90.000000
 18628.22222222,  1.196078E+03, -2.519646E+01, 274.718645,  23.647910,  90.000000
 18628.22291667,  1.195372E+03, -2.188921E+01, 274.468132,  23.647875,  90.000000
 18628.22361111,  1.194745E+03, -1.858047E+01, 274.217611,  23.647841,  90.000000
 18628.22430556,  1.194205E+03, -1.527044E+01, 273.967083,  23.647806,  90.000000
 18628.22500000,  1.193761E+03, -1.195931E+01, 273.716551,  23.647770,  90.000000
 18628.22569444,  1.193420E+03, -8.647320E+00, 273.466015,  23.647734,  90.000000
 18628.22638889,  1.193184E+03, -5.334687E+00, 273.215476,  23.647698,  90.000000
 18628.22708333,  1.193060E+03, -2.021655E+00, 272.964935,  23.647662,  90.000000
 18628.22777778,  1.193047E+03,  1.291528E+00, 272.714394,  23.647626,  90.000000
 18628.22847222,  1.193146E+03,  4.604614E+00, 272.463853,  23.647590,  90.000000
 18628.22916667,  1.193356E+03,  7.917355E+00, 272.213313,  23.647554,  90.000000
 18628.22986111,  1.193674E+03,  1.122951E+01, 271.962776,  23.647518,  90.000000
 18628.23055556,  1.194095E+03,  1.454084E+01, 271.712242,  23.647483,  90.000000
 18628.23125000,  1.194613E+03,  1.785113E+01, 271.461713,  23.647448,  90.000000
 18628.23194444,  1.195221E+03,  2.116016E+01, 271.211191,  23.647413,  90.000000
 18628.23263889,  1.195910E+03,  2.446776E+01, 270.960676,  23.647378,  90.000000
 18628.23333333,  1.196670E+03,  2.777374E+01, 270.710170,  23.647345,  90.000000
 18628.23402778,  1.197491E+03,  3.107796E+01, 270.459677,  23.647312,  90.000000
 18628.23472222,  1.198360E+03,  3.438029E+01, 270.209198,  23.647280,  90.000000
 18628.23541667,  1.199265E+03,  3.768065E+01, 269.958736,  23.647249,  90.000000
 18628.23611111,  1.200194E+03,  4.097896E+01, 269.708297,  23.647220,  90.000000
 18628.23680556,  1.201132E+03,  4.427518E+01, 269.457885,  23.647192,  90.000000
 18628.23750000,  1.202066E+03,  4.756929E+01, 269.207507,  23.647167,  90.000000
 18628.23819444,  1.202982E+03,  5.086132E+01, 268.957171,  23.647145,  90.000000
 18628.23888889,  1.203867E+03,  5.415131E+01, 268.706890,  23.647126,  90.000000
 18628.23958333,  1.204708E+03,  5.743933E+01, 268.456682,  23.647112,  90.000000
 18628.24027778,  1.205493E+03,  6.072548E+01, 268.206570,  23.647105,  90.000000
 18628.24097222,  1.206209E+03,  6.400989E+01, 267.956592,  23.647106,  90.000000
 18628.24166667,  1.206846E+03,  6.729270E+01, 267.706806,  23.647120,  90.000000
 18628.24236111,  1.207393E+03,  7.057409E+01, 267.457309,  23.647154,  90.000000
 18628.24305556,  1.207843E+03,  7.385425E+01, 267.208278,  23.647219,  90.000000
 18628.24375000,  1.208187E+03,  7.713338E+01, 266.960070,  23.647338,  90.000000
 18628.24444444,  1.208419E+03,  8.041172E+01, 266.713527,  23.647568,  90.000000
 18628.24513889,  1.208534E+03,  8.368948E+01, 266.471247,  23.648083,  90.000000
 18628.24583333,  1.208530E+03,  8.696691E+01, 266.247046,  23.649803,  90.000000
 18628.24652778,  1.208404E+03,  8.975571E+01,  85.313274,  11.604218,  90.000000
 18628.24722222,  1.208157E+03,  8.647820E+01,  85.650986,  11.643399,  90.000000
 18628.24791667,  1.207790E+03,  8.320025E+01,  85.421481,  11.644765,  90.000000
 18628.24861111,  1.207306E+03,  7.992163E+01,  85.178225,  11.645215,  90.000000
 18628.24930556,  1.206709E+03,  7.664211E+01,  84.931343,  11.645423,  90.000000
 18628.25000000,  1.206006E+03,  7.336145E+01,  84.682980,  11.645532,  90.000000
 18628.25069444,  1.205204E+03,  7.007943E+01,  84.433867,  11.645591,  90.000000
 18628.25138889,  1.204312E+03,  6.679587E+01,  84.184322,  11.645621,  90.000000
 18628.25208333,  1.203340E+03,  6.351057E+01,  83.934507,  11.645634,  90.000000
 18628.25277778,  1.202299E+03,  6.022337E+01,  83.684512,  11.645634,  90.000000
 18628.25347222,  1.201202E+03,  5.693414E+01,  83.434390,  11.645626,  90.000000
 18628.25416667,  1.200061E+03,  5.364277E+01,  83.184176,  11.645612,  90.000000
 18628.25486111,  1.198890E+03,  5.034916E+01,  82.933893,  11.645593,  90.000000
 18628.25555556,  1.197703E+03,  4.705326E+01,  82.683558,  11.645571,  90.000000
 18628.25625000,  1.196514E+03,  4.375503E+01,  82.433182,  11.645545,  90.000000
 18628.25694444,  1.195338E+03,  4.045449E+01,  82.182774,  11.645518,  90.000000
 18628.25763889,  1.194190E+03,  3.715165E+01,  81.932340,  11.645489,  90.000000
 18628.25833333,  1.193083E+03,  3.384658E+01,  81.681886,  11.645459,  90.000000
 18628.25902778,  1.192031E+03,  3.053937E+01,  81.431414,  11.645428,  90.000000
 18628.25972222,  1.191048E+03,  2.723013E+01,  81.180929,  11.645395,  90.000000
 18628.26041667,  1.190146E+03,  2.391901E+01,  80.930432,  11.645362,  90.000000
 18628.26111111,  1.189336E+03,  2.060617E+01,  80.679927,  11.645328,  90.000000
 18628.26180556,  1.188628E+03,  1.729180E+01,  80.429414,  11.645294,  90.000000
 18628.26250000,  1.188031E+03,  1.397612E+01,  80.178895,  11.645260,  90.000000
 18628.26319444,  1.187553E+03,  1.065936E+01,  79.928372,  11.645225,  90.000000
 18628.26388889,  1.187200E+03,  7.341758E+00,  79.677846,  11.645190,  90.000000
 18628.26458333,  1.186976E+03,  4.023568E+00,  79.427318,  11.645154,  90.000000
 18628.26527778,  1.186884E+03,  7.050562E-01,  79.176788,  11.645119,  90.000000
 18628.26597222,  1.186925E+03, -2.613511E+00,  78.926259,  11.645084,  90.000000
 18628.26666667,  1.187100E+03, -5.931866E+00,  78.675731,  11.645049,  90.000000
 18628.26736111,  1.187405E+03, -9.249742E+00,  78.425204,  11.645014,  90.000000
 18628.26805556,  1.187836E+03, -1.256688E+01,  78.174681,  11.644979,  90.000000
 18628.26875000,  1.188389E+03, -1.588303E+01,  77.924162,  11.644944,  90.000000
 18628.26944444,  1.189057E+03, -1.919796E+01,  77.673648,  11.644910,  90.000000
 18628.27013889,  1.189830E+03, -2.251145E+01,  77.423141,  11.644876,  90.000000
 18628.27083333,  1.190700E+03, -2.582330E+01,  77.172642,  11.644843,  90.000000
 18628.27152778,  1.191655E+03, -2.913333E+01,  76.922153,  11.644810,  90.000000
 18628.27222222,  1.192683E+03, -3.244139E+01,  76.671677,  11.644778,  90.000000
 18628.27291667,  1.193772E+03, -3.574734E+01,  76.421216,  11.644748,  90.000000
 18628.27361111,  1.194908E+03, -3.905109E+01,  76.170774,  11.644718,  90.000000
 18628.27430556,  1.196078E+03, -4.235257E+01,  75.920354,  11.644690,  90.000000
 18628.27500000,  1.197266E+03, -4.565173E+01,  75.669963,  11.644664,  90.000000
 18628.27569444,  1.198458E+03, -4.894857E+01,  75.419606,  11.644640,  90.000000
 18628.27638889,  1.199640E+03, -5.224309E+01,  75.169295,  11.644620,  90.000000
 18628.27708333,  1.200797E+03, -5.553535E+01,  74.919041,  11.644603,  90.000000
 18628.27777778,  1.201916E+03, -5.882541E+01,  74.668863,  11.644591,  90.000000
 18628.27847222,  1.202984E+03, -6.211339E+01,  74.418790,  11.644586,  90.000000
 18628.27916667,  1.203988E+03, -6.539941E+01,  74.168862,  11.644591,  90.000000
 18628.27986111,  1.204916E+03, -6.868362E+01,  73.919147,  11.644610,  90.000000
 18628.28055556,  1.205758E+03, -7.196619E+01,  73.669762,  11.644651,  90.000000
 18628.28125000,  1.206504E+03, -7.524733E+01,  73.420927,  11.644728,  90.000000
 18628.28194444,  1.207147E+03, -7.852723E+01,  73.173113,  11.644874,  90.000000
 18628.28263889,  1.207680E+03, -8.180613E+01,  72.927547,  11.645170,  90.000000
 18628.28333333,  1.208097E+03, -8.508425E+01,  72.688727,  11.645915,  90.000000
 18628.28402778,  1.208395E+03, -8.836184E+01,  72.497137,  11.649809,  90.000000
 18628.28472222,  1.208570E+03, -8.836083E+01, 252.069482,  23.637965,  90.000000
 18628.28541667,  1.208619E+03, -8.508354E+01, 251.877841,  23.641856,  90.000000
 18628.28611111,  1.208548E+03, -8.180602E+01, 251.639017,  23.642601,  90.000000
 18628.28680555,  1.208358E+03, -7.852802E+01, 251.393450,  23.642897,  90.000000
 18628.28750000,  1.208055E+03, -7.524932E+01, 251.145635,  23.643042,  90.000000
 18628.28819444,  1.207643E+03, -7.196967E+01, 250.896799,  23.643120,  90.000000
 18628.28888889,  1.207130E+03, -6.868887E+01, 250.647413,  23.643161,  90.000000
 18628.28958333,  1.206523E+03, -6.540672E+01, 250.397697,  23.643180,  90.000000
 18628.29027778,  1.205833E+03, -6.212304E+01, 250.147768,  23.643185,  90.000000
 18628.29097222,  1.205069E+03, -5.883767E+01, 249.897693,  23.643180,  90.000000
 18628.29166667,  1.204244E+03, -5.555048E+01, 249.647515,  23.643168,  90.000000
 18628.29236111,  1.203369E+03, -5.226135E+01, 249.397260,  23.643151,  90.000000
 18628.29305555,  1.202458E+03, -4.897019E+01, 249.146947,  23.643130,  90.000000
 18628.29375000,  1.201523E+03, -4.567696E+01, 248.896589,  23.643106,  90.000000
 18628.29444444,  1.200578E+03, -4.238163E+01, 248.646196,  23.643080,  90.000000
 18628.29513889,  1.199637E+03, -3.908418E+01, 248.395775,  23.643052,  90.000000
 18628.29583333,  1.198713E+03, -3.578466E+01, 248.145332,  23.643022,  90.000000
 18628.29652778,  1.197820E+03, -3.248312E+01, 247.894870,  23.642991,  90.000000
 18628.29722222,  1.196970E+03, -2.917965E+01, 247.644393,  23.642960,  90.000000
 18628.29791667,  1.196175E+03, -2.587435E+01, 247.393904,  23.642927,  90.000000
 18628.29861111,  1.195448E+03, -2.256737E+01, 247.143404,  23.642894,  90.000000
 18628.29930555,  1.194797E+03, -1.925886E+01, 246.892897,  23.642860,  90.000000
 18628.30000000,  1.194233E+03, -1.594902E+01, 246.642383,  23.642825,  90.000000
 18628.30069444,  1.193763E+03, -1.263803E+01, 246.391863,  23.642791,  90.000000
 18628.30138889,  1.193395E+03, -9.326125E+00, 246.141340,  23.642756,  90.000000
 18628.30208333,  1.193132E+03, -6.013525E+00, 245.890814,  23.642721,  90.000000
 18628.30277778,  1.192980E+03, -2.700472E+00, 245.640287,  23.642686,  90.000000
 18628.30347222,  1.192939E+03,  6.127871E-01, 245.389759,  23.642651,  90.000000
 18628.30416667,  1.193011E+03,  3.926004E+00, 245.139231,  23.642615,  90.000000
 18628.30486111,  1.193195E+03,  7.238929E+00, 244.888705,  23.642580,  90.000000
 18628.30555555,  1.193488E+03,  1.055132E+01, 244.638181,  23.642545,  90.000000
 18628.30625000,  1.193885E+03,  1.386294E+01, 244.387661,  23.642511,  90.000000
 18628.30694444,  1.194381E+03,  1.717356E+01, 244.137146,  23.642476,  90.000000
 18628.30763889,  1.194969E+03,  2.048297E+01, 243.886637,  23.642442,  90.000000
 18628.30833333,  1.195641E+03,  2.379097E+01, 243.636136,  23.642409,  90.000000
 18628.30902778,  1.196386E+03,  2.709740E+01, 243.385645,  23.642376,  90.000000
 18628.30972222,  1.197195E+03,  3.040210E+01, 243.135165,  23.642344,  90.000000
 18628.31041667,  1.198055E+03,  3.370494E+01, 242.884700,  23.642313,  90.000000
 18628.31111111,  1.198954E+03,  3.700581E+01, 242.634253,  23.642284,  90.000000
 18628.31180555,  1.199880E+03,  4.030464E+01, 242.383828,  23.642255,  90.000000
 18628.31250000,  1.200818E+03,  4.360139E+01, 242.133430,  23.642229,  90.000000
 18628.31319444,  1.201755E+03,  4.689604E+01, 241.883065,  23.642204,  90.000000
 18628.31388889,  1.202679E+03,  5.018859E+01, 241.632742,  23.642183,  90.000000
 18628.31458333,  1.203574E+03,  5.347909E+01, 241.382474,  23.642165,  90.000000
 18628.31527778,  1.204428E+03,  5.676760E+01, 241.132276,  23.642152,  90.000000
 18628.31597222,  1.205229E+03,  6.005421E+01, 240.882172,  23.642145,  90.000000
 18628.31666667,  1.205964E+03,  6.333906E+01, 240.632198,  23.642147,  90.000000
 18628.31736111,  1.206622E+03,  6.662227E+01, 240.382408,  23.642160,  90.000000
 18628.31805555,  1.207194E+03,  6.990402E+01, 240.132893,  23.642193,  90.000000
 18628.31875000,  1.207669E+03,  7.318449E+01, 239.883814,  23.642254,  90.000000
 18628.31944444,  1.208040E+03,  7.646389E+01, 239.635490,  23.642366,  90.000000
 18628.32013889,  1.208302E+03,  7.974243E+01, 239.388643,  23.642576,  90.000000
 18628.32083333,  1.208447E+03,  8.302036E+01, 239.145357,  23.643024,  90.000000
 18628.32152778,  1.208474E+03,  8.629790E+01, 238.915090,  23.644339,  90.000000
 18628.32222222,  1.208380E+03,  8.957530E+01, 238.999246,  23.666616,  90.000000
 18628.32291667,  1.208164E+03,  8.714717E+01,  58.314124,  11.637608,  90.000000
 18628.32361111,  1.207829E+03,  8.386928E+01,  58.093584,  11.639572,  90.000000
 18628.32430555,  1.207375E+03,  8.059078E+01,  57.852071,  11.640138,  90.000000
 18628.32500000,  1.206808E+03,  7.731143E+01,  57.605841,  11.640389,  90.000000
 18628.32569444,  1.206134E+03,  7.403099E+01,  57.357799,  11.640520,  90.000000
 18628.32638889,  1.205359E+03,  7.074925E+01,  57.108871,  11.640591,  90.000000
 18628.32708333,  1.204492E+03,  6.746600E+01,  56.859444,  11.640630,  90.000000
 18628.32777778,  1.203542E+03,  6.418106E+01,  56.609709,  11.640647,  90.000000
 18628.32847222,  1.202522E+03,  6.089426E+01,  56.359769,  11.640651,  90.000000
 18628.32916667,  1.201443E+03,  5.760545E+01,  56.109687,  11.640646,  90.000000
 18628.32986111,  1.200317E+03,  5.431453E+01,  55.859502,  11.640633,  90.000000
 18628.33055555,  1.199157E+03,  5.102140E+01,  55.609240,  11.640616,  90.000000
 18628.33125000,  1.197979E+03,  4.772599E+01,  55.358920,  11.640595,  90.000000
 18628.33194444,  1.196796E+03,  4.442826E+01,  55.108554,  11.640570,  90.000000
 18628.33263889,  1.195623E+03,  4.112822E+01,  54.858151,  11.640543,  90.000000
 18628.33333333,  1.194474E+03,  3.782588E+01,  54.607719,  11.640515,  90.000000
 18628.33402778,  1.193363E+03,  3.452131E+01,  54.357263,  11.640484,  90.000000
 18628.33472222,  1.192305E+03,  3.121457E+01,  54.106787,  11.640452,  90.000000
 18628.33541667,  1.191312E+03,  2.790578E+01,  53.856295,  11.640420,  90.000000
 18628.33611111,  1.190397E+03,  2.459509E+01,  53.605789,  11.640386,  90.000000
 18628.33680555,  1.189572E+03,  2.128264E+01,  53.355271,  11.640351,  90.000000
 18628.33750000,  1.188847E+03,  1.796863E+01,  53.104744,  11.640316,  90.000000
 18628.33819444,  1.188230E+03,  1.465327E+01,  52.854210,  11.640281,  90.000000
 18628.33888889,  1.187731E+03,  1.133678E+01,  52.603668,  11.640245,  90.000000
 18628.33958333,  1.187354E+03,  8.019403E+00,  52.353121,  11.640208,  90.000000
 18628.34027778,  1.187106E+03,  4.701387E+00,  52.102570,  11.640171,  90.000000
 18628.34097222,  1.186989E+03,  1.382996E+00,  51.852016,  11.640134,  90.000000
 18628.34166667,  1.187005E+03, -1.935503E+00,  51.601459,  11.640097,  90.000000
 18628.34236111,  1.187153E+03, -5.253842E+00,  51.350901,  11.640060,  90.000000
 18628.34305555,  1.187432E+03, -8.571756E+00,  51.100342,  11.640023,  90.000000
 18628.34375000,  1.187839E+03, -1.188898E+01,  50.849783,  11.639986,  90.000000
 18628.34444444,  1.188367E+03, -1.520528E+01,  50.599225,  11.639948,  90.000000
 18628.34513889,  1.189011E+03, -1.852039E+01,  50.348670,  11.639911,  90.000000
 18628.34583333,  1.189762E+03, -2.183412E+01,  50.098117,  11.639874,  90.000000
 18628.34652778,  1.190611E+03, -2.514624E+01,  49.847569,  11.639838,  90.000000
 18628.34722222,  1.191547E+03, -2.845657E+01,  49.597027,  11.639802,  90.000000
 18628.34791667,  1.192559E+03, -3.176497E+01,  49.346491,  11.639766,  90.000000
 18628.34861111,  1.193633E+03, -3.507129E+01,  49.095965,  11.639731,  90.000000
 18628.34930555,  1.194757E+03, -3.837542E+01,  48.845450,  11.639697,  90.000000
 18628.35000000,  1.195917E+03, -4.167731E+01,  48.594950,  11.639663,  90.000000
 18628.35069444,  1.197097E+03, -4.497688E+01,  48.344467,  11.639631,  90.000000
 18628.35138889,  1.198285E+03, -4.827413E+01,  48.094007,  11.639600,  90.000000
 18628.35208333,  1.199465E+03, -5.156906E+01,  47.843575,  11.639572,  90.000000
 18628.35277778,  1.200623E+03, -5.486173E+01,  47.593180,  11.639545,  90.000000
 18628.35347222,  1.201745E+03, -5.815219E+01,  47.342835,  11.639522,  90.000000
 18628.35416667,  1.202818E+03, -6.144054E+01,  47.092556,  11.639504,  90.000000
 18628.35486111,  1.203829E+03, -6.472691E+01,  46.842370,  11.639491,  90.000000
 18628.35555555,  1.204767E+03, -6.801145E+01,  46.592318,  11.639488,  90.000000
 18628.35625000,  1.205620E+03, -7.129431E+01,  46.342472,  11.639498,  90.000000
 18628.35694444,  1.206380E+03, -7.457570E+01,  46.092965,  11.639531,  90.000000
 18628.35763889,  1.207037E+03, -7.785583E+01,  45.844069,  11.639605,  90.000000
 18628.35833333,  1.207586E+03, -8.113490E+01,  45.596464,  11.639764,  90.000000
 18628.35902778,  1.208020E+03, -8.441316E+01,  45.352424,  11.640162,  90.000000
 18628.35972222,  1.208335E+03, -8.769084E+01,  45.127125,  11.641808,  90.000000
 18628.36041667,  1.208529E+03, -8.903179E+01, 224.730246,  23.632016,  90.000000
 18628.36111111,  1.208602E+03, -8.575450E+01, 224.559139,  23.637276,  90.000000
 18628.36180555,  1.208553E+03, -8.247704E+01, 224.318731,  23.637915,  90.000000
 18628.36250000,  1.208386E+03, -7.919915E+01, 224.072112,  23.638141,  90.000000
 18628.36319444,  1.208104E+03, -7.592059E+01, 223.823618,  23.638241,  90.000000
 18628.36388889,  1.207712E+03, -7.264114E+01, 223.574313,  23.638287,  90.000000
 18628.36458333,  1.207217E+03, -6.936058E+01, 223.324582,  23.638305,  90.000000
 18628.36527778,  1.206627E+03, -6.607871E+01, 223.074601,  23.638307,  90.000000
 18628.36597222,  1.205952E+03, -6.279534E+01, 222.824461,  23.638297,  90.000000
 18628.36666667,  1.205201E+03, -5.951031E+01, 222.574213,  23.638281,  90.000000
 18628.36736111,  1.204386E+03, -5.622348E+01, 222.323888,  23.638259,  90.000000
 18628.36805555,  1.203520E+03, -5.293473E+01, 222.073508,  23.638234,  90.000000
 18628.36875000,  1.202614E+03, -4.964397E+01, 221.823085,  23.638206,  90.000000
 18628.36944444,  1.201682E+03, -4.635115E+01, 221.572630,  23.638175,  90.000000
 18628.37013889,  1.200737E+03, -4.305622E+01, 221.322149,  23.638143,  90.000000
 18628.37083333,  1.199793E+03, -3.975919E+01, 221.071648,  23.638110,  90.000000
 18628.37152778,  1.198865E+03, -3.646006E+01, 220.821130,  23.638075,  90.000000
 18628.37222222,  1.197964E+03, -3.315891E+01, 220.570600,  23.638040,  90.000000
 18628.37291667,  1.197104E+03, -2.985579E+01, 220.320058,  23.638004,  90.000000
 18628.37361111,  1.196297E+03, -2.655083E+01, 220.069506,  23.637967,  90.000000
 18628.37430555,  1.195555E+03, -2.324416E+01, 219.818948,  23.637930,  90.000000
 18628.37500000,  1.194889E+03, -1.993593E+01, 219.568383,  23.637892,  90.000000
 18628.37569444,  1.194306E+03, -1.662632E+01, 219.317813,  23.637854,  90.000000
 18628.37638889,  1.193817E+03, -1.331552E+01, 219.067239,  23.637816,  90.000000
 18628.37708333,  1.193428E+03, -1.000376E+01, 218.816661,  23.637777,  90.000000
 18628.37777778,  1.193144E+03, -6.691255E+00, 218.566081,  23.637739,  90.000000
 18628.37847222,  1.192970E+03, -3.378250E+00, 218.315499,  23.637700,  90.000000
 18628.37916667,  1.192907E+03, -6.498839E-02, 218.064915,  23.637661,  90.000000
 18628.37986111,  1.192958E+03,  3.248281E+00, 217.814331,  23.637622,  90.000000
 18628.38055555,  1.193120E+03,  6.561309E+00, 217.563746,  23.637583,  90.000000
 18628.38125000,  1.193392E+03,  9.873850E+00, 217.313162,  23.637544,  90.000000
 18628.38194444,  1.193769E+03,  1.318567E+01, 217.062579,  23.637505,  90.000000
 18628.38263889,  1.194247E+03,  1.649653E+01, 216.811998,  23.637467,  90.000000
 18628.38333333,  1.194818E+03,  1.980622E+01, 216.561419,  23.637428,  90.000000
 18628.38402778,  1.195475E+03,  2.311455E+01, 216.310844,  23.637390,  90.000000
 18628.38472222,  1.196208E+03,  2.642133E+01, 216.060272,  23.637351,  90.000000
 18628.38541667,  1.197005E+03,  2.972641E+01, 215.809707,  23.637314,  90.000000
 18628.38611111,  1.197857E+03,  3.302965E+01, 215.559148,  23.637276,  90.000000
 18628.38680555,  1.198751E+03,  3.633094E+01, 215.308597,  23.637240,  90.000000
 18628.38750000,  1.199673E+03,  3.963021E+01, 215.058057,  23.637204,  90.000000
 18628.38819444,  1.200611E+03,  4.292740E+01, 214.807529,  23.637169,  90.000000
 18628.38888889,  1.201552E+03,  4.622248E+01, 214.557018,  23.637135,  90.000000
 18628.38958333,  1.202480E+03,  4.951547E+01, 214.306528,  23.637102,  90.000000
 18628.39027778,  1.203383E+03,  5.280639E+01, 214.056064,  23.637071,  90.000000
 18628.39097222,  1.204248E+03,  5.609530E+01, 213.805635,  23.637042,  90.000000
 18628.39166667,  1.205062E+03,  5.938229E+01, 213.555251,  23.637017,  90.000000
 18628.39236111,  1.205812E+03,  6.266749E+01, 213.304931,  23.636995,  90.000000
 18628.39305555,  1.206488E+03,  6.595102E+01, 213.054701,  23.636980,  90.000000
 18628.39375000,  1.207079E+03,  6.923305E+01, 212.804603,  23.636974,  90.000000
 18628.39444444,  1.207576E+03,  7.251377E+01, 212.554714,  23.636981,  90.000000
 18628.39513889,  1.207970E+03,  7.579337E+01, 212.305176,  23.637012,  90.000000
 18628.39583333,  1.208255E+03,  7.907207E+01, 212.056309,  23.637087,  90.000000
 18628.39652778,  1.208425E+03,  8.235009E+01, 211.808975,  23.637265,  90.000000
 18628.39722222,  1.208477E+03,  8.562769E+01, 211.566625,  23.637775,  90.000000
 18628.39791667,  1.208409E+03,  8.890509E+01, 211.374018,  23.641601,  90.000000
 18628.39861111,  1.208218E+03,  8.781743E+01,  31.007056,  11.633804,  90.000000
 18628.39930555,  1.207907E+03,  8.453964E+01,  30.779717,  11.635314,  90.000000
 18628.40000000,  1.207478E+03,  8.126129E+01,  30.534880,  11.635659,  90.000000
 18628.40069444,  1.206934E+03,  7.798214E+01,  30.286864,  11.635791,  90.000000
 18628.40138889,  1.206281E+03,  7.470194E+01,  30.037713,  11.635847,  90.000000
 18628.40208333,  1.205526E+03,  7.142049E+01,  29.788027,  11.635868,  90.000000
 18628.40277778,  1.204677E+03,  6.813757E+01,  29.538047,  11.635870,  90.000000
 18628.40347222,  1.203743E+03,  6.485299E+01,  29.287888,  11.635859,  90.000000
 18628.40416667,  1.202736E+03,  6.156658E+01,  29.037611,  11.635841,  90.000000
 18628.40486111,  1.201667E+03,  5.827819E+01,  28.787254,  11.635817,  90.000000
 18628.40555555,  1.200548E+03,  5.498771E+01,  28.536838,  11.635789,  90.000000
 18628.40625000,  1.199394E+03,  5.169503E+01,  28.286378,  11.635759,  90.000000
 18628.40694444,  1.198217E+03,  4.840008E+01,  28.035886,  11.635726,  90.000000
 18628.40763889,  1.197032E+03,  4.510282E+01,  27.785368,  11.635691,  90.000000
 18628.40833333,  1.195854E+03,  4.180324E+01,  27.534829,  11.635655,  90.000000
 18628.40902778,  1.194697E+03,  3.850135E+01,  27.284274,  11.635618,  90.000000
 18628.40972222,  1.193575E+03,  3.519721E+01,  27.033705,  11.635580,  90.000000
 18628.41041667,  1.192503E+03,  3.189089E+01,  26.783125,  11.635542,  90.000000
 18628.41111111,  1.191493E+03,  2.858249E+01,  26.532536,  11.635502,  90.000000
 18628.41180555,  1.190559E+03,  2.527214E+01,  26.281939,  11.635463,  90.000000
 18628.41250000,  1.189711E+03,  2.196001E+01,  26.031335,  11.635422,  90.000000
 18628.41319444,  1.188961E+03,  1.864627E+01,  25.780726,  11.635382,  90.000000
 18628.41388889,  1.188318E+03,  1.533114E+01,  25.530113,  11.635341,  90.000000
 18628.41458333,  1.187791E+03,  1.201482E+01,  25.279495,  11.635300,  90.000000
 18628.41527778,  1.187385E+03,  8.697560E+00,  25.028875,  11.635258,  90.000000
 18628.41597222,  1.187107E+03,  5.379609E+00,  24.778251,  11.635217,  90.000000
 18628.41666667,  1.186959E+03,  2.061226E+00,  24.527626,  11.635175,  90.000000
 18628.41736111,  1.186943E+03, -1.257323E+00,  24.276999,  11.635133,  90.000000
 18628.41805555,  1.187061E+03, -4.575771E+00,  24.026371,  11.635091,  90.000000
 18628.41875000,  1.187309E+03, -7.893850E+00,  23.775742,  11.635049,  90.000000
 18628.41944444,  1.187685E+03, -1.121130E+01,  23.525114,  11.635008,  90.000000
 18628.42013889,  1.188185E+03, -1.452787E+01,  23.274485,  11.634966,  90.000000
 18628.42083333,  1.188802E+03, -1.784331E+01,  23.023857,  11.634924,  90.000000
 18628.42152778,  1.189527E+03, -2.115740E+01,  22.773230,  11.634882,  90.000000
 18628.42222222,  1.190353E+03, -2.446993E+01,  22.522605,  11.634840,  90.000000
 18628.42291667,  1.191268E+03, -2.778072E+01,  22.271982,  11.634799,  90.000000
 18628.42361111,  1.192262E+03, -3.108960E+01,  22.021362,  11.634757,  90.000000
 18628.42430555,  1.193320E+03, -3.439644E+01,  21.770746,  11.634716,  90.000000
 18628.42500000,  1.194432E+03, -3.770111E+01,  21.520136,  11.634676,  90.000000
 18628.42569444,  1.195582E+03, -4.100354E+01,  21.269531,  11.634635,  90.000000
 18628.42638889,  1.196756E+03, -4.430367E+01,  21.018934,  11.634596,  90.000000
 18628.42708333,  1.197941E+03, -4.760149E+01,  20.768346,  11.634556,  90.000000
 18628.42777778,  1.199121E+03, -5.089698E+01,  20.517771,  11.634518,  90.000000
 18628.42847222,  1.200282E+03, -5.419020E+01,  20.267212,  11.634481,  90.000000
 18628.42916667,  1.201410E+03, -5.748119E+01,  20.016674,  11.634445,  90.000000
 18628.42986111,  1.202492E+03, -6.077006E+01,  19.766164,  11.634411,  90.000000
 18628.43055555,  1.203515E+03, -6.405692E+01,  19.515693,  11.634379,  90.000000
 18628.43125000,  1.204468E+03, -6.734192E+01,  19.265278,  11.634352,  90.000000
 18628.43194444,  1.205338E+03, -7.062521E+01,  19.014948,  11.634330,  90.000000
 18628.43263889,  1.206116E+03, -7.390698E+01,  18.764755,  11.634317,  90.000000
 18628.43333333,  1.206795E+03, -7.718744E+01,  18.514804,  11.634320,  90.000000
 18628.43402778,  1.207365E+03, -8.046681E+01,  18.265345,  11.634356,  90.000000
 18628.43472222,  1.207823E+03, -8.374531E+01,  18.017152,  11.634477,  90.000000
 18628.43541667,  1.208163E+03, -8.702319E+01,  17.774406,  11.634960,  90.000000
 18628.43611111,  1.208383E+03, -8.969930E+01, 197.358973,  23.623931,  90.000000
 18628.43680555,  1.208481E+03, -8.642192E+01, 197.245378,  23.633025,  90.000000
 18628.43750000,  1.208459E+03, -8.314442E+01, 197.000723,  23.633382,  90.000000
 18628.43819444,  1.208317E+03, -7.986654E+01, 196.752178,  23.633479,  90.000000
 18628.43888889,  1.208060E+03, -7.658805E+01, 196.502596,  23.633506,  90.000000
 18628.43958333,  1.207692E+03, -7.330871E+01, 196.252587,  23.633506,  90.000000
 18628.44027778,  1.207220E+03, -7.002830E+01, 196.002361,  23.633491,  90.000000
 18628.44097222,  1.206652E+03, -6.674663E+01, 195.752011,  23.633467,  90.000000
 18628.44166667,  1.205996E+03, -6.346349E+01, 195.501581,  23.633439,  90.000000
 18628.44236111,  1.205264E+03, -6.017873E+01, 195.251099,  23.633407,  90.000000
 18628.44305555,  1.204465E+03, -5.689220E+01, 195.000580,  23.633372,  90.000000
 18628.44375000,  1.203611E+03, -5.360378E+01, 194.750034,  23.633336,  90.000000
 18628.44444444,  1.202717E+03, -5.031337E+01, 194.499467,  23.633298,  90.000000
 18628.44513889,  1.201793E+03, -4.702090E+01, 194.248884,  23.633259,  90.000000
 18628.44583333,  1.200855E+03, -4.372634E+01, 193.998289,  23.633219,  90.000000
 18628.44652778,  1.199915E+03, -4.042967E+01, 193.747684,  23.633179,  90.000000
 18628.44722222,  1.198987E+03, -3.713091E+01, 193.497070,  23.633138,  90.000000
 18628.44791667,  1.198085E+03, -3.383011E+01, 193.246449,  23.633097,  90.000000
 18628.44861111,  1.197221E+03, -3.052734E+01, 192.995823,  23.633055,  90.000000
 18628.44930555,  1.196408E+03, -2.722270E+01, 192.745191,  23.633013,  90.000000
 18628.45000000,  1.195658E+03, -2.391632E+01, 192.494555,  23.632970,  90.000000
 18628.45069444,  1.194981E+03, -2.060836E+01, 192.243915,  23.632928,  90.000000
 18628.45138889,  1.194387E+03, -1.729898E+01, 191.993272,  23.632885,  90.000000
 18628.45208333,  1.193884E+03, -1.398838E+01, 191.742626,  23.632842,  90.000000
 18628.45277778,  1.193479E+03, -1.067677E+01, 191.491978,  23.632798,  90.000000
 18628.45347222,  1.193179E+03, -7.364380E+00, 191.241327,  23.632755,  90.000000
 18628.45416667,  1.192988E+03, -4.051443E+00, 190.990673,  23.632712,  90.000000
 18628.45486111,  1.192908E+03, -7.382020E-01, 190.740018,  23.632668,  90.000000
 18628.45555555,  1.192940E+03,  2.575093E+00, 190.489360,  23.632624,  90.000000
 18628.45625000,  1.193085E+03,  5.888193E+00, 190.238701,  23.632580,  90.000000
 18628.45694444,  1.193339E+03,  9.200852E+00, 189.988040,  23.632536,  90.000000
 18628.45763889,  1.193700E+03,  1.251283E+01, 189.737378,  23.632492,  90.000000
 18628.45833333,  1.194162E+03,  1.582389E+01, 189.486714,  23.632448,  90.000000
 18628.45902778,  1.194719E+03,  1.913383E+01, 189.236048,  23.632403,  90.000000
 18628.45972222,  1.195363E+03,  2.244243E+01, 188.985382,  23.632359,  90.000000
 18628.46041667,  1.196084E+03,  2.574952E+01, 188.734714,  23.632314,  90.000000
 18628.46111111,  1.196873E+03,  2.905494E+01, 188.484044,  23.632270,  90.000000
 18628.46180555,  1.197717E+03,  3.235853E+01, 188.233373,  23.632225,  90.000000
 18628.46250000,  1.198606E+03,  3.566020E+01, 187.982701,  23.632180,  90.000000
 18628.46319444,  1.199526E+03,  3.895986E+01, 187.732028,  23.632135,  90.000000
 18628.46388889,  1.200463E+03,  4.225744E+01, 187.481354,  23.632090,  90.000000
 18628.46458333,  1.201405E+03,  4.555291E+01, 187.230678,  23.632045,  90.000000
 18628.46527778,  1.202338E+03,  4.884628E+01, 186.980001,  23.632000,  90.000000
 18628.46597222,  1.203248E+03,  5.213758E+01, 186.729323,  23.631955,  90.000000
 18628.46666667,  1.204123E+03,  5.542685E+01, 186.478643,  23.631910,  90.000000
 18628.46736111,  1.204948E+03,  5.871419E+01, 186.227962,  23.631864,  90.000000
 18628.46805555,  1.205712E+03,  6.199969E+01, 185.977279,  23.631819,  90.000000
 18628.46875000,  1.206403E+03,  6.528351E+01, 185.726594,  23.631773,  90.000000
 18628.46944444,  1.207012E+03,  6.856579E+01, 185.475907,  23.631727,  90.000000
 18628.47013889,  1.207527E+03,  7.184671E+01, 185.225216,  23.631681,  90.000000
 18628.47083333,  1.207941E+03,  7.512648E+01, 184.974520,  23.631635,  90.000000
 18628.47152778,  1.208247E+03,  7.840530E+01, 184.723814,  23.631588,  90.000000
 18628.47222222,  1.208440E+03,  8.168340E+01, 184.473089,  23.631539,  90.000000
 18628.47291667,  1.208514E+03,  8.496102E+01, 184.222308,  23.631487,  90.000000
 18628.47361111,  1.208468E+03,  8.823841E+01, 183.971162,  23.631411,  90.000000
 18628.47430555,  1.208300E+03,  8.848419E+01,   3.722016,  11.631468,  90.000000
 18628.47500000,  1.208011E+03,  8.520652E+01,   3.470767,  11.631384,  90.000000
 18628.47569444,  1.207602E+03,  8.192833E+01,   3.219976,  11.631332,  90.000000
 18628.47638889,  1.207078E+03,  7.864939E+01,   2.969246,  11.631283,  90.000000
 18628.47708333,  1.206443E+03,  7.536945E+01,   2.718535,  11.631236,  90.000000
 18628.47777778,  1.205705E+03,  7.208829E+01,   2.467834,  11.631189,  90.000000
 18628.47847222,  1.204871E+03,  6.880570E+01,   2.217137,  11.631142,  90.000000
 18628.47916667,  1.203950E+03,  6.552148E+01,   1.966443,  11.631096,  90.000000
 18628.47986111,  1.202952E+03,  6.223547E+01,   1.715750,  11.631050,  90.000000
 18628.48055555,  1.201891E+03,  5.894750E+01,   1.465059,  11.631004,  90.000000
 18628.48125000,  1.200777E+03,  5.565746E+01,   1.214368,  11.630958,  90.000000
 18628.48194444,  1.199624E+03,  5.236523E+01,   0.963678,  11.630912,  90.000000
 18628.48263889,  1.198446E+03,  4.907074E+01,   0.712988,  11.630866,  90.000000
 18628.48333333,  1.197257E+03,  4.577394E+01,   0.462299,  11.630820,  90.000000
 18628.48402778,  1.196072E+03,  4.247481E+01,   0.211610,  11.630774,  90.000000
 18628.48472222,  1.194905E+03,  3.917337E+01, 359.960921,  11.630728,  90.000000
 18628.48541667,  1.193770E+03,  3.586966E+01, 359.710233,  11.630682,  90.000000
 18628.48611111,  1.192681E+03,  3.256374E+01, 359.459545,  11.630636,  90.000000
 18628.48680555,  1.191653E+03,  2.925572E+01, 359.208857,  11.630590,  90.000000
 18628.48750000,  1.190697E+03,  2.594572E+01, 358.958169,  11.630545,  90.000000
 18628.48819444,  1.189826E+03,  2.263390E+01, 358.707482,  11.630499,  90.000000
 18628.48888889,  1.189050E+03,  1.932043E+01, 358.456796,  11.630453,  90.000000
 18628.48958333,  1.188380E+03,  1.600551E+01, 358.206109,  11.630407,  90.000000
 18628.49027778,  1.187824E+03,  1.268936E+01, 357.955423,  11.630362,  90.000000
 18628.49097222,  1.187389E+03,  9.372210E+00, 357.704738,  11.630316,  90.000000
 18628.49166667,  1.187079E+03,  6.054317E+00, 357.454053,  11.630270,  90.000000
 18628.49236111,  1.186901E+03,  2.735935E+00, 357.203369,  11.630225,  90.000000
 18628.49305555,  1.186854E+03, -5.826700E-01, 356.952685,  11.630179,  90.000000
 18628.49375000,  1.186941E+03, -3.901231E+00, 356.702002,  11.630133,  90.000000
 18628.49444444,  1.187159E+03, -7.219481E+00, 356.451319,  11.630088,  90.000000
 18628.49513889,  1.187507E+03, -1.053716E+01, 356.200637,  11.630042,  90.000000
 18628.49583333,  1.187979E+03, -1.385400E+01, 355.949956,  11.629997,  90.000000
 18628.49652778,  1.188570E+03, -1.716977E+01, 355.699276,  11.629952,  90.000000
 18628.49722222,  1.189272E+03, -2.048424E+01, 355.448597,  11.629906,  90.000000
 18628.49791667,  1.190076E+03, -2.379719E+01, 355.197919,  11.629861,  90.000000
 18628.49861111,  1.190972E+03, -2.710843E+01, 354.947242,  11.629816,  90.000000
 18628.49930555,  1.191949E+03, -3.041780E+01, 354.696566,  11.629771,  90.000000
 18628.50000000,  1.192995E+03, -3.372515E+01, 354.445892,  11.629726,  90.000000
 18628.50069444,  1.194097E+03, -3.703035E+01, 354.195220,  11.629681,  90.000000
 18628.50138889,  1.195240E+03, -4.033333E+01, 353.944549,  11.629637,  90.000000
 18628.50208333,  1.196411E+03, -4.363403E+01, 353.693882,  11.629592,  90.000000
 18628.50277778,  1.197595E+03, -4.693240E+01, 353.443217,  11.629548,  90.000000
 18628.50347222,  1.198778E+03, -5.022845E+01, 353.192555,  11.629504,  90.000000
 18628.50416667,  1.199945E+03, -5.352221E+01, 352.941899,  11.629460,  90.000000
 18628.50486111,  1.201083E+03, -5.681374E+01, 352.691248,  11.629416,  90.000000
 18628.50555555,  1.202177E+03, -6.010311E+01, 352.440604,  11.629374,  90.000000
 18628.50625000,  1.203216E+03, -6.339045E+01, 352.189972,  11.629331,  90.000000
 18628.50694444,  1.204186E+03, -6.667589E+01, 351.939354,  11.629290,  90.000000
 18628.50763889,  1.205076E+03, -6.995959E+01, 351.688757,  11.629250,  90.000000
 18628.50833333,  1.205877E+03, -7.324173E+01, 351.438196,  11.629213,  90.000000
 18628.50902778,  1.206580E+03, -7.652252E+01, 351.187694,  11.629180,  90.000000
 18628.50972222,  1.207176E+03, -7.980216E+01, 350.937310,  11.629154,  90.000000
 18628.51041667,  1.207661E+03, -8.308088E+01, 350.687210,  11.629147,  90.000000
 18628.51111111,  1.208029E+03, -8.635893E+01, 350.438162,  11.629211,  90.000000
 18628.51180555,  1.208278E+03, -8.963655E+01, 350.218623,  11.631241,  90.000000
 18628.51250000,  1.208405E+03, -8.708601E+01, 169.929024,  23.628602,  90.000000
 18628.51319444,  1.208412E+03, -8.380849E+01, 169.680624,  23.628708,  90.000000
 18628.51388889,  1.208299E+03, -8.053066E+01, 169.430643,  23.628709,  90.000000
 18628.51458333,  1.208070E+03, -7.725227E+01, 169.180300,  23.628687,  90.000000
 18628.51527778,  1.207729E+03, -7.397308E+01, 168.929817,  23.628654,  90.000000
 18628.51597222,  1.207283E+03, -7.069287E+01, 168.679266,  23.628618,  90.000000
 18628.51666667,  1.206738E+03, -6.741144E+01, 168.428676,  23.628578,  90.000000
 18628.51736111,  1.206105E+03, -6.412859E+01, 168.178062,  23.628537,  90.000000
 18628.51805555,  1.205393E+03, -6.084414E+01, 167.927432,  23.628495,  90.000000
 18628.51875000,  1.204611E+03, -5.755796E+01, 167.676790,  23.628453,  90.000000
 18628.51944444,  1.203774E+03, -5.426992E+01, 167.426141,  23.628409,  90.000000
 18628.52013889,  1.202892E+03, -5.097990E+01, 167.175485,  23.628366,  90.000000
 18628.52083333,  1.201978E+03, -4.768785E+01, 166.924824,  23.628322,  90.000000
 18628.52152778,  1.201047E+03, -4.439371E+01, 166.674160,  23.628277,  90.000000
 18628.52222222,  1.200112E+03, -4.109747E+01, 166.423493,  23.628233,  90.000000
 18628.52291667,  1.199186E+03, -3.779914E+01, 166.172823,  23.628188,  90.000000
 18628.52361111,  1.198282E+03, -3.449875E+01, 165.922150,  23.628143,  90.000000
 18628.52430555,  1.197414E+03, -3.119639E+01, 165.671476,  23.628098,  90.000000
 18628.52500000,  1.196595E+03, -2.789213E+01, 165.420801,  23.628053,  90.000000
 18628.52569444,  1.195835E+03, -2.458611E+01, 165.170124,  23.628008,  90.000000
 18628.52638889,  1.195146E+03, -2.127848E+01, 164.919446,  23.627963,  90.000000
 18628.52708333,  1.194538E+03, -1.796939E+01, 164.668766,  23.627918,  90.000000
 18628.52777778,  1.194020E+03, -1.465905E+01, 164.418086,  23.627872,  90.000000
 18628.52847222,  1.193598E+03, -1.134766E+01, 164.167405,  23.627827,  90.000000
 18628.52916667,  1.193279E+03, -8.035440E+00, 163.916723,  23.627781,  90.000000
 18628.52986111,  1.193068E+03, -4.722627E+00, 163.666040,  23.627736,  90.000000
 18628.53055555,  1.192967E+03, -1.409462E+00, 163.415356,  23.627690,  90.000000
 18628.53125000,  1.192979E+03,  1.903806E+00, 163.164672,  23.627645,  90.000000
 18628.53194444,  1.193102E+03,  5.216928E+00, 162.913986,  23.627599,  90.000000
 18628.53263889,  1.193336E+03,  8.529658E+00, 162.663300,  23.627553,  90.000000
 18628.53333333,  1.193676E+03,  1.184175E+01, 162.412614,  23.627508,  90.000000
 18628.53402778,  1.194119E+03,  1.515298E+01, 162.161926,  23.627462,  90.000000
 18628.53472222,  1.194657E+03,  1.846312E+01, 161.911238,  23.627416,  90.000000
 18628.53541667,  1.195283E+03,  2.177197E+01, 161.660550,  23.627370,  90.000000
 18628.53611111,  1.195988E+03,  2.507934E+01, 161.409860,  23.627324,  90.000000
 18628.53680555,  1.196763E+03,  2.838507E+01, 161.159169,  23.627278,  90.000000
 18628.53750000,  1.197596E+03,  3.168900E+01, 160.908478,  23.627232,  90.000000
 18628.53819444,  1.198474E+03,  3.499103E+01, 160.657785,  23.627186,  90.000000
 18628.53888889,  1.199387E+03,  3.829107E+01, 160.407091,  23.627139,  90.000000
 18628.53958333,  1.200319E+03,  4.158904E+01, 160.156395,  23.627093,  90.000000
 18628.54027778,  1.201259E+03,  4.488491E+01, 159.905698,  23.627047,  90.000000
 18628.54097222,  1.202192E+03,  4.817867E+01, 159.654999,  23.627000,  90.000000
 18628.54166667,  1.203104E+03,  5.147035E+01, 159.404296,  23.626953,  90.000000
 18628.54236111,  1.203983E+03,  5.476000E+01, 159.153591,  23.626906,  90.000000
 18628.54305555,  1.204816E+03,  5.804770E+01, 158.902880,  23.626859,  90.000000
 18628.54375000,  1.205590E+03,  6.133355E+01, 158.652164,  23.626811,  90.000000
 18628.54444444,  1.206293E+03,  6.461767E+01, 158.401439,  23.626763,  90.000000
 18628.54513889,  1.206914E+03,  6.790023E+01, 158.150701,  23.626713,  90.000000
 18628.54583333,  1.207445E+03,  7.118140E+01, 157.899945,  23.626663,  90.000000
 18628.54652778,  1.207876E+03,  7.446138E+01, 157.649157,  23.626610,  90.000000
 18628.54722222,  1.208201E+03,  7.774036E+01, 157.398313,  23.626554,  90.000000
 18628.54791667,  1.208412E+03,  8.101859E+01, 157.147352,  23.626490,  90.000000
 18628.54861111,  1.208506E+03,  8.429629E+01, 156.896069,  23.626405,  90.000000
 18628.54930555,  1.208480E+03,  8.757371E+01, 156.643162,  23.626211,  90.000000
 18628.55000000,  1.208332E+03,  8.914890E+01, 336.407396,  11.627160,  90.000000
 18628.55069444,  1.208063E+03,  8.587130E+01, 336.147949,  11.626530,  90.000000
 18628.55138889,  1.207674E+03,  8.259322E+01, 335.896262,  11.626417,  90.000000
 18628.55208333,  1.207169E+03,  7.931443E+01, 335.645192,  11.626346,  90.000000
 18628.55277778,  1.206552E+03,  7.603469E+01, 335.394306,  11.626287,  90.000000
 18628.55347222,  1.205830E+03,  7.275377E+01, 335.143498,  11.626233,  90.000000
 18628.55416667,  1.205011E+03,  6.947146E+01, 334.892732,  11.626182,  90.000000
 18628.55486111,  1.204103E+03,  6.618756E+01, 334.641989,  11.626133,  90.000000
 18628.55555555,  1.203116E+03,  6.290189E+01, 334.391263,  11.626084,  90.000000
 18628.55625000,  1.202063E+03,  5.961429E+01, 334.140547,  11.626036,  90.000000
 18628.55694444,  1.200956E+03,  5.632464E+01, 333.889839,  11.625989,  90.000000
 18628.55763889,  1.199806E+03,  5.303282E+01, 333.639136,  11.625942,  90.000000
 18628.55833333,  1.198630E+03,  4.973874E+01, 333.388438,  11.625896,  90.000000
 18628.55902778,  1.197439E+03,  4.644237E+01, 333.137743,  11.625850,  90.000000
 18628.55972222,  1.196249E+03,  4.314367E+01, 332.887051,  11.625803,  90.000000
 18628.56041667,  1.195075E+03,  3.984264E+01, 332.636361,  11.625757,  90.000000
 18628.56111111,  1.193930E+03,  3.653933E+01, 332.385674,  11.625712,  90.000000
 18628.56180555,  1.192830E+03,  3.323380E+01, 332.134988,  11.625666,  90.000000
 18628.56250000,  1.191787E+03,  2.992614E+01, 331.884303,  11.625620,  90.000000
 18628.56319444,  1.190814E+03,  2.661648E+01, 331.633620,  11.625575,  90.000000
 18628.56388889,  1.189924E+03,  2.330495E+01, 331.382938,  11.625529,  90.000000
 18628.56458333,  1.189128E+03,  1.999174E+01, 331.132257,  11.625484,  90.000000
 18628.56527778,  1.188436E+03,  1.667704E+01, 330.881577,  11.625438,  90.000000
 18628.56597222,  1.187857E+03,  1.336107E+01, 330.630898,  11.625393,  90.000000
 18628.56666667,  1.187397E+03,  1.004405E+01, 330.380220,  11.625348,  90.000000
 18628.56736111,  1.187063E+03,  6.726233E+00, 330.129542,  11.625303,  90.000000
 18628.56805555,  1.186859E+03,  3.407876E+00, 329.878866,  11.625258,  90.000000
 18628.56875000,  1.186787E+03,  8.924280E-02, 329.628190,  11.625213,  90.000000
 18628.56944444,  1.186849E+03, -3.229399E+00, 329.377516,  11.625168,  90.000000
 18628.57013889,  1.187043E+03, -6.547781E+00, 329.126842,  11.625123,  90.000000
 18628.57083333,  1.187368E+03, -9.865639E+00, 328.876169,  11.625078,  90.000000
 18628.57152778,  1.187818E+03, -1.318272E+01, 328.625497,  11.625033,  90.000000
 18628.57222222,  1.188389E+03, -1.649876E+01, 328.374827,  11.624988,  90.000000
 18628.57291667,  1.189072E+03, -1.981355E+01, 328.124158,  11.624944,  90.000000
 18628.57361111,  1.189861E+03, -2.312686E+01, 327.873490,  11.624899,  90.000000
 18628.57430555,  1.190743E+03, -2.643849E+01, 327.622824,  11.624855,  90.000000
 18628.57500000,  1.191709E+03, -2.974828E+01, 327.372159,  11.624811,  90.000000
 18628.57569444,  1.192747E+03, -3.305607E+01, 327.121497,  11.624766,  90.000000
 18628.57638889,  1.193843E+03, -3.636174E+01, 326.870838,  11.624723,  90.000000
 18628.57708333,  1.194984E+03, -3.966519E+01, 326.620182,  11.624679,  90.000000
 18628.57777778,  1.196155E+03, -4.296636E+01, 326.369529,  11.624635,  90.000000
 18628.57847222,  1.197343E+03, -4.626521E+01, 326.118882,  11.624592,  90.000000
 18628.57916667,  1.198533E+03, -4.956174E+01, 325.868240,  11.624549,  90.000000
 18628.57986111,  1.199710E+03, -5.285596E+01, 325.617606,  11.624507,  90.000000
 18628.58055555,  1.200860E+03, -5.614793E+01, 325.366982,  11.624465,  90.000000
 18628.58125000,  1.201970E+03, -5.943772E+01, 325.116370,  11.624425,  90.000000
 18628.58194444,  1.203026E+03, -6.272545E+01, 324.865776,  11.624385,  90.000000
 18628.58263889,  1.204016E+03, -6.601124E+01, 324.615207,  11.624347,  90.000000
 18628.58333333,  1.204929E+03, -6.929526E+01, 324.364676,  11.624312,  90.000000
 18628.58402778,  1.205754E+03, -7.257767E+01, 324.114201,  11.624280,  90.000000
 18628.58472222,  1.206483E+03, -7.585868E+01, 323.863825,  11.624255,  90.000000
 18628.58541667,  1.207107E+03, -7.913850E+01, 323.613636,  11.624242,  90.000000
 18628.58611111,  1.207620E+03, -8.241735E+01, 323.363876,  11.624258,  90.000000
 18628.58680555,  1.208017E+03, -8.569548E+01, 323.115526,  11.624368,  90.000000
 18628.58750000,  1.208295E+03, -8.897312E+01, 322.882088,  11.625473,  90.000000
 18628.58819444,  1.208452E+03, -8.774948E+01, 142.598416,  23.623228,  90.000000
 18628.58888889,  1.208487E+03, -8.447206E+01, 142.353858,  23.623590,  90.000000
 18628.58958333,  1.208403E+03, -8.119437E+01, 142.104739,  23.623649,  90.000000
 18628.59027778,  1.208201E+03, -7.791617E+01, 141.854770,  23.623651,  90.000000
 18628.59097222,  1.207886E+03, -7.463722E+01, 141.604496,  23.623633,  90.000000
 18628.59166667,  1.207464E+03, -7.135731E+01, 141.354077,  23.623605,  90.000000
 18628.59236111,  1.206942E+03, -6.807621E+01, 141.103580,  23.623572,  90.000000
 18628.59305555,  1.206329E+03, -6.479373E+01, 140.853034,  23.623536,  90.000000
 18628.59375000,  1.205635E+03, -6.150970E+01, 140.602457,  23.623497,  90.000000
 18628.59444444,  1.204869E+03, -5.822396E+01, 140.351858,  23.623457,  90.000000
 18628.59513889,  1.204043E+03, -5.493638E+01, 140.101245,  23.623416,  90.000000
 18628.59583333,  1.203171E+03, -5.164685E+01, 139.850620,  23.623375,  90.000000
 18628.59652778,  1.202264E+03, -4.835530E+01, 139.599987,  23.623332,  90.000000
 18628.59722222,  1.201336E+03, -4.506167E+01, 139.349348,  23.623290,  90.000000
 18628.59791667,  1.200401E+03, -4.176594E+01, 139.098704,  23.623247,  90.000000
 18628.59861111,  1.199472E+03, -3.846811E+01, 138.848056,  23.623204,  90.000000
 18628.59930555,  1.198563E+03, -3.516823E+01, 138.597406,  23.623160,  90.000000
 18628.60000000,  1.197686E+03, -3.186634E+01, 138.346755,  23.623117,  90.000000
 18628.60069444,  1.196855E+03, -2.856255E+01, 138.096101,  23.623073,  90.000000
 18628.60138889,  1.196081E+03, -2.525696E+01, 137.845447,  23.623030,  90.000000
 18628.60208333,  1.195376E+03, -2.194972E+01, 137.594793,  23.622986,  90.000000
 18628.60277778,  1.194749E+03, -1.864100E+01, 137.344138,  23.622943,  90.000000
 18628.60347222,  1.194209E+03, -1.533098E+01, 137.093484,  23.622899,  90.000000
 18628.60416667,  1.193765E+03, -1.201986E+01, 136.842831,  23.622855,  90.000000
 18628.60486111,  1.193422E+03, -8.707873E+00, 136.592178,  23.622812,  90.000000
 18628.60555555,  1.193186E+03, -5.395237E+00, 136.341527,  23.622768,  90.000000
 18628.60625000,  1.193060E+03, -2.082198E+00, 136.090877,  23.622725,  90.000000
 18628.60694444,  1.193045E+03,  1.230997E+00, 135.840229,  23.622682,  90.000000
 18628.60763889,  1.193142E+03,  4.544100E+00, 135.589584,  23.622639,  90.000000
 18628.60833333,  1.193350E+03,  7.856863E+00, 135.338940,  23.622596,  90.000000
 18628.60902778,  1.193665E+03,  1.116904E+01, 135.088300,  23.622553,  90.000000
 18628.60972222,  1.194083E+03,  1.448041E+01, 134.837663,  23.622511,  90.000000
 18628.61041667,  1.194598E+03,  1.779073E+01, 134.587030,  23.622469,  90.000000
 18628.61111111,  1.195203E+03,  2.109981E+01, 134.336400,  23.622427,  90.000000
 18628.61180555,  1.195889E+03,  2.440744E+01, 134.085776,  23.622385,  90.000000
 18628.61250000,  1.196647E+03,  2.771347E+01, 133.835157,  23.622344,  90.000000
 18628.61319444,  1.197464E+03,  3.101774E+01, 133.584545,  23.622303,  90.000000
 18628.61388889,  1.198330E+03,  3.432013E+01, 133.333940,  23.622263,  90.000000
 18628.61458333,  1.199232E+03,  3.762055E+01, 133.083344,  23.622223,  90.000000
 18628.61527778,  1.200157E+03,  4.091891E+01, 132.832758,  23.622184,  90.000000
 18628.61597222,  1.201092E+03,  4.421519E+01, 132.582184,  23.622146,  90.000000
 18628.61666667,  1.202023E+03,  4.750937E+01, 132.331626,  23.622108,  90.000000
 18628.61736111,  1.202937E+03,  5.080146E+01, 132.081086,  23.622072,  90.000000
 18628.61805555,  1.203820E+03,  5.409151E+01, 131.830570,  23.622038,  90.000000
 18628.61875000,  1.204659E+03,  5.737959E+01, 131.580084,  23.622006,  90.000000
 18628.61944444,  1.205441E+03,  6.066580E+01, 131.329638,  23.621976,  90.000000
 18628.62013889,  1.206155E+03,  6.395027E+01, 131.079248,  23.621950,  90.000000
 18628.62083333,  1.206791E+03,  6.723314E+01, 130.828936,  23.621929,  90.000000
 18628.62152778,  1.207337E+03,  7.051459E+01, 130.578742,  23.621916,  90.000000
 18628.62222222,  1.207785E+03,  7.379481E+01, 130.328736,  23.621916,  90.000000
 18628.62291667,  1.208127E+03,  7.707400E+01, 130.079062,  23.621937,  90.000000
 18628.62361111,  1.208359E+03,  8.035238E+01, 129.830056,  23.622004,  90.000000
 18628.62430555,  1.208473E+03,  8.363019E+01, 129.582749,  23.622183,  90.000000
 18628.62500000,  1.208469E+03,  8.690768E+01, 129.342538,  23.622836,  90.000000
 18628.62569444,  1.208343E+03,  8.981492E+01, 308.732474,  11.598832,  90.000000
 18628.62638889,  1.208095E+03,  8.653734E+01, 308.802810,  11.620187,  90.000000
 18628.62708333,  1.207727E+03,  8.325935E+01, 308.560973,  11.620731,  90.000000
 18628.62777778,  1.207243E+03,  7.998069E+01, 308.313369,  11.620891,  90.000000
 18628.62847222,  1.206646E+03,  7.670113E+01, 308.064264,  11.620951,  90.000000
 18628.62916667,  1.205942E+03,  7.342042E+01, 307.814548,  11.620970,  90.000000
 18628.62986111,  1.205140E+03,  7.013837E+01, 307.564525,  11.620968,  90.000000
 18628.63055555,  1.204248E+03,  6.685477E+01, 307.314325,  11.620955,  90.000000
 18628.63125000,  1.203275E+03,  6.356943E+01, 307.064015,  11.620934,  90.000000
 18628.63194444,  1.202234E+03,  6.028220E+01, 306.813631,  11.620909,  90.000000
 18628.63263889,  1.201136E+03,  5.699293E+01, 306.563195,  11.620880,  90.000000
 18628.63333333,  1.199994E+03,  5.370151E+01, 306.312722,  11.620848,  90.000000
 18628.63402778,  1.198821E+03,  5.040786E+01, 306.062221,  11.620815,  90.000000
 18628.63472222,  1.197633E+03,  4.711192E+01, 305.811699,  11.620780,  90.000000
 18628.63541667,  1.196442E+03,  4.381365E+01, 305.561159,  11.620744,  90.000000
 18628.63611111,  1.195265E+03,  4.051305E+01, 305.310607,  11.620707,  90.000000
 18628.63680555,  1.194115E+03,  3.721017E+01, 305.060044,  11.620670,  90.000000
 18628.63750000,  1.193006E+03,  3.390504E+01, 304.809472,  11.620631,  90.000000
 18628.63819444,  1.191952E+03,  3.059777E+01, 304.558893,  11.620593,  90.000000
 18628.63888889,  1.190966E+03,  2.728847E+01, 304.308309,  11.620554,  90.000000
 18628.63958333,  1.190061E+03,  2.397728E+01, 304.057719,  11.620515,  90.000000
 18628.64027778,  1.189248E+03,  2.066437E+01, 303.807126,  11.620475,  90.000000
 18628.64097222,  1.188537E+03,  1.734993E+01, 303.556530,  11.620435,  90.000000
 18628.64166667,  1.187938E+03,  1.403417E+01, 303.305930,  11.620395,  90.000000
 18628.64236111,  1.187457E+03,  1.071732E+01, 303.055329,  11.620355,  90.000000
 18628.64305555,  1.187100E+03,  7.399624E+00, 302.804727,  11.620315,  90.000000
 18628.64375000,  1.186874E+03,  4.081338E+00, 302.554123,  11.620275,  90.000000
 18628.64444444,  1.186779E+03,  7.627258E-01, 302.303518,  11.620235,  90.000000
 18628.64513889,  1.186818E+03, -2.555947E+00, 302.052914,  11.620194,  90.000000
 18628.64583333,  1.186989E+03, -5.874410E+00, 301.802310,  11.620154,  90.000000
 18628.64652778,  1.187292E+03, -9.192400E+00, 301.551707,  11.620114,  90.000000
 18628.64722222,  1.187721E+03, -1.250966E+01, 301.301105,  11.620074,  90.000000
 18628.64791667,  1.188272E+03, -1.582593E+01, 301.050505,  11.620034,  90.000000
 18628.64861111,  1.188938E+03, -1.914098E+01, 300.799908,  11.619994,  90.000000
 18628.64930555,  1.189710E+03, -2.245460E+01, 300.549314,  11.619954,  90.000000
 18628.65000000,  1.190579E+03, -2.576657E+01, 300.298724,  11.619915,  90.000000
 18628.65069444,  1.191533E+03, -2.907673E+01, 300.048140,  11.619876,  90.000000
 18628.65138889,  1.192561E+03, -3.238491E+01, 299.797562,  11.619837,  90.000000
 18628.65208333,  1.193651E+03, -3.569099E+01, 299.546992,  11.619799,  90.000000
 18628.65277778,  1.194788E+03, -3.899487E+01, 299.296433,  11.619762,  90.000000
 18628.65347222,  1.195958E+03, -4.229648E+01, 299.045885,  11.619726,  90.000000
 18628.65416667,  1.197148E+03, -4.559576E+01, 298.795354,  11.619690,  90.000000
 18628.65486111,  1.198342E+03, -4.889272E+01, 298.544842,  11.619656,  90.000000
 18628.65555555,  1.199527E+03, -5.218736E+01, 298.294355,  11.619624,  90.000000
 18628.65625000,  1.200687E+03, -5.547973E+01, 298.043900,  11.619593,  90.000000
 18628.65694444,  1.201810E+03, -5.876990E+01, 297.793489,  11.619566,  90.000000
 18628.65763889,  1.202882E+03, -6.205799E+01, 297.543137,  11.619542,  90.000000
 18628.65833333,  1.203890E+03, -6.534411E+01, 297.292867,  11.619524,  90.000000
 18628.65902778,  1.204822E+03, -6.862841E+01, 297.042719,  11.619515,  90.000000
 18628.65972222,  1.205669E+03, -7.191107E+01, 296.792758,  11.619517,  90.000000
 18628.66041667,  1.206421E+03, -7.519228E+01, 296.543110,  11.619541,  90.000000
 18628.66111111,  1.207070E+03, -7.847226E+01, 296.294041,  11.619603,  90.000000
 18628.66180555,  1.207609E+03, -8.175122E+01, 296.046243,  11.619749,  90.000000
 18628.66250000,  1.208032E+03, -8.502940E+01, 295.802230,  11.620149,  90.000000
 18628.66319444,  1.208337E+03, -8.830705E+01, 295.583987,  11.622266,  90.000000
 18628.66388889,  1.208520E+03, -8.841559E+01, 115.231600,  23.615440,  90.000000
 18628.66458333,  1.208582E+03, -8.513826E+01, 115.016351,  23.617757,  90.000000
 18628.66527778,  1.208524E+03, -8.186072E+01, 114.772578,  23.618172,  90.000000
 18628.66597222,  1.208346E+03, -7.858272E+01, 114.524846,  23.618323,  90.000000
 18628.66666667,  1.208055E+03, -7.530403E+01, 114.275806,  23.618387,  90.000000
 18628.66736111,  1.207656E+03, -7.202440E+01, 114.026172,  23.618411,  90.000000
 18628.66805555,  1.207154E+03, -6.874364E+01, 113.776221,  23.618415,  90.000000
 18628.66875000,  1.206559E+03, -6.546153E+01, 113.526079,  23.618405,  90.000000
 18628.66944444,  1.205880E+03, -6.217791E+01, 113.275815,  23.618388,  90.000000
 18628.67013889,  1.205127E+03, -5.889261E+01, 113.025467,  23.618364,  90.000000
 18628.67083333,  1.204312E+03, -5.560549E+01, 112.775061,  23.618337,  90.000000
 18628.67152778,  1.203447E+03, -5.231645E+01, 112.524611,  23.618307,  90.000000
 18628.67222222,  1.202545E+03, -4.902539E+01, 112.274129,  23.618275,  90.000000
 18628.67291667,  1.201619E+03, -4.573226E+01, 112.023623,  23.618241,  90.000000
 18628.67361111,  1.200683E+03, -4.243704E+01, 111.773097,  23.618206,  90.000000
 18628.67430555,  1.199749E+03, -3.913972E+01, 111.522556,  23.618170,  90.000000
 18628.67500000,  1.198833E+03, -3.584033E+01, 111.272004,  23.618134,  90.000000
 18628.67569444,  1.197946E+03, -3.253892E+01, 111.021442,  23.618096,  90.000000
 18628.67638889,  1.197102E+03, -2.923558E+01, 110.770874,  23.618058,  90.000000
 18628.67708333,  1.196313E+03, -2.593043E+01, 110.520300,  23.618020,  90.000000
 18628.67777778,  1.195590E+03, -2.262359E+01, 110.269722,  23.617981,  90.000000
 18628.67847222,  1.194944E+03, -1.931523E+01, 110.019141,  23.617943,  90.000000
 18628.67916667,  1.194383E+03, -1.600554E+01, 109.768558,  23.617904,  90.000000
 18628.67986111,  1.193916E+03, -1.269470E+01, 109.517975,  23.617865,  90.000000
 18628.68055555,  1.193549E+03, -9.382943E+00, 109.267391,  23.617826,  90.000000
 18628.68125000,  1.193289E+03, -6.070491E+00, 109.016808,  23.617787,  90.000000
 18628.68194444,  1.193137E+03, -2.757586E+00, 108.766226,  23.617748,  90.000000
 18628.68263889,  1.193097E+03,  5.555274E-01, 108.515647,  23.617710,  90.000000
 18628.68333333,  1.193170E+03,  3.868601E+00, 108.265071,  23.617671,  90.000000
 18628.68402778,  1.193353E+03,  7.181387E+00, 108.014498,  23.617633,  90.000000
 18628.68472222,  1.193645E+03,  1.049364E+01, 107.763930,  23.617595,  90.000000
 18628.68541667,  1.194040E+03,  1.380513E+01, 107.513367,  23.617558,  90.000000
 18628.68611111,  1.194535E+03,  1.711562E+01, 107.262811,  23.617521,  90.000000
 18628.68680555,  1.195121E+03,  2.042491E+01, 107.012262,  23.617484,  90.000000
 18628.68750000,  1.195790E+03,  2.373280E+01, 106.761722,  23.617448,  90.000000
 18628.68819444,  1.196532E+03,  2.703911E+01, 106.511193,  23.617413,  90.000000
 18628.68888889,  1.197338E+03,  3.034370E+01, 106.260675,  23.617378,  90.000000
 18628.68958333,  1.198194E+03,  3.364644E+01, 106.010172,  23.617345,  90.000000
 18628.69027778,  1.199089E+03,  3.694721E+01, 105.759685,  23.617312,  90.000000
 18628.69097222,  1.200010E+03,  4.024596E+01, 105.509219,  23.617281,  90.000000
 18628.69166667,  1.200944E+03,  4.354262E+01, 105.258778,  23.617252,  90.000000
 18628.69236111,  1.201876E+03,  4.683718E+01, 105.008367,  23.617224,  90.000000
 18628.69305555,  1.202794E+03,  5.012966E+01, 104.757993,  23.617199,  90.000000
 18628.69375000,  1.203684E+03,  5.342009E+01, 104.507666,  23.617178,  90.000000
 18628.69444444,  1.204532E+03,  5.670853E+01, 104.257401,  23.617160,  90.000000
 18628.69513889,  1.205327E+03,  5.999508E+01, 104.007217,  23.617148,  90.000000
 18628.69583333,  1.206055E+03,  6.327986E+01, 103.757144,  23.617143,  90.000000
 18628.69652778,  1.206707E+03,  6.656302E+01, 103.507228,  23.617149,  90.000000
 18628.69722222,  1.207271E+03,  6.984472E+01, 103.257545,  23.617170,  90.000000
 18628.69791667,  1.207739E+03,  7.312514E+01, 103.008232,  23.617215,  90.000000
 18628.69861111,  1.208103E+03,  7.640450E+01, 102.759554,  23.617304,  90.000000
 18628.69930555,  1.208357E+03,  7.968300E+01, 102.512117,  23.617474,  90.000000
 18628.70000000,  1.208495E+03,  8.296089E+01, 102.267652,  23.617843,  90.000000
 18628.70069444,  1.208514E+03,  8.623840E+01, 102.033927,  23.618928,  90.000000
 18628.70138889,  1.208412E+03,  8.951577E+01, 102.029008,  23.635267,  90.000000
 18628.70208333,  1.208188E+03,  8.720673E+01, 281.447482,  11.613165,  90.000000
 18628.70277778,  1.207844E+03,  8.392886E+01, 281.223252,  11.614883,  90.000000
 18628.70347222,  1.207382E+03,  8.065038E+01, 280.980514,  11.615368,  90.000000
 18628.70416667,  1.206806E+03,  7.737105E+01, 280.733682,  11.615579,  90.000000
 18628.70486111,  1.206123E+03,  7.409062E+01, 280.485288,  11.615686,  90.000000
 18628.70555555,  1.205340E+03,  7.080888E+01, 280.236133,  11.615742,  90.000000
 18628.70625000,  1.204464E+03,  6.752564E+01, 279.986550,  11.615770,  90.000000
 18628.70694444,  1.203506E+03,  6.424069E+01, 279.736703,  11.615780,  90.000000
 18628.70763889,  1.202478E+03,  6.095388E+01, 279.486682,  11.615779,  90.000000
 18628.70833333,  1.201389E+03,  5.766506E+01, 279.236540,  11.615769,  90.000000
 18628.70902778,  1.200255E+03,  5.437411E+01, 278.986311,  11.615754,  90.000000
 18628.70972222,  1.199087E+03,  5.108095E+01, 278.736017,  11.615734,  90.000000
 18628.71041667,  1.197900E+03,  4.778550E+01, 278.485673,  11.615712,  90.000000
 18628.71111111,  1.196709E+03,  4.448773E+01, 278.235291,  11.615686,  90.000000
 18628.71180555,  1.195528E+03,  4.118764E+01, 277.984878,  11.615658,  90.000000
 18628.71250000,  1.194371E+03,  3.788524E+01, 277.734440,  11.615629,  90.000000
 18628.71319444,  1.193252E+03,  3.458059E+01, 277.483983,  11.615599,  90.000000
 18628.71388889,  1.192186E+03,  3.127377E+01, 277.233509,  11.615567,  90.000000
 18628.71458333,  1.191186E+03,  2.796489E+01, 276.983022,  11.615535,  90.000000
 18628.71527778,  1.190263E+03,  2.465409E+01, 276.732524,  11.615502,  90.000000
 18628.71597222,  1.189431E+03,  2.134154E+01, 276.482017,  11.615468,  90.000000
 18628.71666667,  1.188699E+03,  1.802741E+01, 276.231503,  11.615434,  90.000000
 18628.71736111,  1.188076E+03,  1.471192E+01, 275.980983,  11.615399,  90.000000
 18628.71805555,  1.187570E+03,  1.139529E+01, 275.730458,  11.615364,  90.000000
 18628.71875000,  1.187188E+03,  8.077769E+00, 275.479929,  11.615329,  90.000000
 18628.71944444,  1.186934E+03,  4.759599E+00, 275.229398,  11.615293,  90.000000
 18628.72013889,  1.186812E+03,  1.441047E+00, 274.978866,  11.615258,  90.000000
 18628.72083333,  1.186823E+03, -1.877620E+00, 274.728333,  11.615222,  90.000000
 18628.72152778,  1.186967E+03, -5.196134E+00, 274.477800,  11.615187,  90.000000
 18628.72222222,  1.187243E+03, -8.514228E+00, 274.227269,  11.615151,  90.000000
 18628.72291667,  1.187646E+03, -1.183164E+01, 273.976740,  11.615116,  90.000000
 18628.72361111,  1.188172E+03, -1.514812E+01, 273.726215,  11.615081,  90.000000
 18628.72430555,  1.188815E+03, -1.846343E+01, 273.475695,  11.615046,  90.000000
 18628.72500000,  1.189565E+03, -2.177735E+01, 273.225181,  11.615012,  90.000000
 18628.72569444,  1.190414E+03, -2.508966E+01, 272.974675,  11.614978,  90.000000
 18628.72638889,  1.191350E+03, -2.840019E+01, 272.724179,  11.614945,  90.000000
 18628.72708333,  1.192364E+03, -3.170878E+01, 272.473695,  11.614913,  90.000000
 18628.72777778,  1.193440E+03, -3.501529E+01, 272.223226,  11.614882,  90.000000
 18628.72847222,  1.194568E+03, -3.831962E+01, 271.972775,  11.614852,  90.000000
 18628.72916667,  1.195731E+03, -4.162168E+01, 271.722347,  11.614823,  90.000000
 18628.72986111,  1.196917E+03, -4.492144E+01, 271.471947,  11.614796,  90.000000
 18628.73055555,  1.198111E+03, -4.821886E+01, 271.221582,  11.614772,  90.000000
 18628.73125000,  1.199297E+03, -5.151396E+01, 270.971262,  11.614751,  90.000000
 18628.73194444,  1.200463E+03, -5.480678E+01, 270.720999,  11.614733,  90.000000
 18628.73263889,  1.201594E+03, -5.809739E+01, 270.470813,  11.614721,  90.000000
 18628.73333333,  1.202676E+03, -6.138589E+01, 270.220730,  11.614715,  90.000000
 18628.73402778,  1.203697E+03, -6.467239E+01, 269.970790,  11.614719,  90.000000
 18628.73472222,  1.204646E+03, -6.795705E+01, 269.721059,  11.614737,  90.000000
 18628.73541667,  1.205511E+03, -7.124003E+01, 269.471644,  11.614776,  90.000000
 18628.73611111,  1.206283E+03, -7.452152E+01, 269.222750,  11.614850,  90.000000
 18628.73680555,  1.206953E+03, -7.780172E+01, 268.974796,  11.614986,  90.000000
 18628.73750000,  1.207514E+03, -8.108087E+01, 268.728818,  11.615255,  90.000000
 18628.73819444,  1.207962E+03, -8.435919E+01, 268.488264,  11.615884,  90.000000
 18628.73888889,  1.208291E+03, -8.763693E+01, 268.275697,  11.618380,  90.000000
 18628.73958333,  1.208498E+03, -8.908567E+01,  87.790155,  23.602677,  90.000000
 18628.74027778,  1.208582E+03, -8.580836E+01,  87.671932,  23.611462,  90.000000
 18628.74097222,  1.208545E+03, -8.253088E+01,  87.437498,  23.612500,  90.000000
 18628.74166667,  1.208389E+03, -7.925298E+01,  87.193176,  23.612878,  90.000000
 18628.74236111,  1.208119E+03, -7.597444E+01,  86.945900,  23.613060,  90.000000
 18628.74305555,  1.207738E+03, -7.269501E+01,  86.697348,  23.613157,  90.000000
 18628.74375000,  1.207254E+03, -6.941448E+01,  86.448131,  23.613209,  90.000000
 18628.74444444,  1.206675E+03, -6.613264E+01,  86.198522,  23.613235,  90.000000
 18628.74513889,  1.206010E+03, -6.284932E+01,  85.948665,  23.613244,  90.000000
 18628.74583333,  1.205269E+03, -5.956435E+01,  85.698639,  23.613243,  90.000000
 18628.74652778,  1.204464E+03, -5.627759E+01,  85.448495,  23.613233,  90.000000
 18628.74722222,  1.203606E+03, -5.298893E+01,  85.198264,  23.613218,  90.000000
 18628.74791667,  1.202708E+03, -4.969826E+01,  84.947968,  23.613198,  90.000000
 18628.74861111,  1.201784E+03, -4.640553E+01,  84.697622,  23.613175,  90.000000
 18628.74930555,  1.200847E+03, -4.311071E+01,  84.447237,  23.613149,  90.000000
 18628.75000000,  1.199910E+03, -3.981379E+01,  84.196821,  23.613121,  90.000000
 18628.75069444,  1.198988E+03, -3.651479E+01,  83.946381,  23.613092,  90.000000
 18628.75138889,  1.198093E+03, -3.321376E+01,  83.695920,  23.613061,  90.000000
 18628.75208333,  1.197238E+03, -2.991078E+01,  83.445443,  23.613029,  90.000000
 18628.75277778,  1.196436E+03, -2.660596E+01,  83.194953,  23.612997,  90.000000
 18628.75347222,  1.195698E+03, -2.329943E+01,  82.944452,  23.612963,  90.000000
 18628.75416667,  1.195035E+03, -1.999135E+01,  82.693942,  23.612929,  90.000000
 18628.75486111,  1.194456E+03, -1.668189E+01,  82.443426,  23.612895,  90.000000
 18628.75555555,  1.193970E+03, -1.337124E+01,  82.192904,  23.612860,  90.000000
 18628.75625000,  1.193583E+03, -1.005964E+01,  81.942378,  23.612825,  90.000000
 18628.75694444,  1.193301E+03, -6.747288E+00,  81.691850,  23.612790,  90.000000
 18628.75763889,  1.193129E+03, -3.434439E+00,  81.441319,  23.612755,  90.000000
 18628.75833333,  1.193068E+03, -1.213334E-01,  81.190789,  23.612719,  90.000000
'End of File'
